Accident_Index,Date,Time,latitude,longitude,Accident_Severity,Number_of_Vehicles,Number_of_Casualties,Road_Type,Weather_Conditions,Light_Conditions,State,District
5200.0,2018-08-21,14:10,26.74398143,94.2110241,Minor injury,2.0,1.0,Dual carriageway,Fine no high winds,Daylight,Assam,Jorhat
5201.0,2018-08-22,08:25,26.75282385,94.18328969,Minor injury,2.0,1.0,Single carriageway,Raining no high winds,Daylight,Assam,Jorhat
5202.0,2018-08-24,13:25,26.7178467,94.17661701,Minor injury,1.0,1.0,Single carriageway,Raining no high winds,Daylight,Assam,Jorhat
5203.0,2018-08-29,14:30,26.75258291,94.18264421,Minor injury,3.0,1.0,Single carriageway,Fine no high winds,Daylight,Assam,Jorhat
5204.0,2018-08-31,21:50,26.72020667,94.17504244,Minor injury,2.0,1.0,Single carriageway,Fine no high winds,Darkness - lights lit,Assam,Jorhat
5205.0,2018-09-03,01:36,26.72317409,94.19047212,Serious injury,2.0,1.0,Dual carriageway,Fine no high winds,Darkness - lights lit,Assam,Jorhat
5206.0,2018-08-14,16:07,26.74361662,94.20506997,Minor injury,5.0,1.0,Single carriageway,Raining no high winds,Daylight,Assam,Jorhat
5207.0,2018-07-15,08:25,26.73841601,94.1688774,Minor injury,2.0,1.0,Single carriageway,Fine no high winds,Daylight,Assam,Jorhat
5208.0,2018-08-22,13:40,26.72036222,94.17462752,Minor injury,2.0,2.0,Single carriageway,Raining no high winds,Daylight,Assam,Jorhat
5209.0,2018-09-07,21:58,26.73276425,94.1807518,Minor injury,1.0,1.0,Single carriageway,Fine no high winds,Darkness - lights lit,Assam,Jorhat
5210.0,2018-08-03,08:50,26.76127391,94.20719743,Minor injury,2.0,1.0,Single carriageway,Fine no high winds,Daylight,Assam,Jorhat
5211.0,2018-08-21,12:52,26.7348582,94.19038696,Minor injury,2.0,1.0,Single carriageway,Fine no high winds,Daylight,Assam,Jorhat
5212.0,2018-08-25,14:35,26.71941641,94.18909803,Minor injury,1.0,1.0,Single carriageway,Raining no high winds,Daylight,Assam,Jorhat
5213.0,2018-08-29,22:15,26.73331084,94.22459597,Minor injury,2.0,1.0,Single carriageway,Fine no high winds,Darkness - lights lit,Assam,Jorhat
5214.0,2018-08-27,21:51,26.75961591,94.21785816,Serious injury,2.0,1.0,Single carriageway,Fine no high winds,Darkness - lights lit,Assam,Jorhat
5215.0,2018-08-31,15:15,26.75752898,94.18163348,Minor injury,1.0,1.0,Single carriageway,Fine no high winds,Daylight,Assam,Jorhat
5216.0,2018-09-01,12:20,26.72405101,94.21504007,Minor injury,2.0,1.0,Dual carriageway,Fine no high winds,Daylight,Assam,Jorhat
5217.0,2018-09-04,18:00,26.74555904,94.21227115,Minor injury,1.0,1.0,Single carriageway,Fine no high winds,Daylight,Assam,Jorhat
5218.0,2018-08-27,15:00,26.74531099,94.22571343,Minor injury,1.0,2.0,Single carriageway,Fine no high winds,Daylight,Assam,Jorhat
5219.0,2018-08-01,19:17,26.73600231,94.23189671,Serious injury,1.0,1.0,Single carriageway,Fine no high winds,Daylight,Assam,Jorhat
5220.0,2018-08-14,21:58,26.719425,94.18719334,Minor injury,2.0,1.0,Single carriageway,Fine no high winds,Darkness - lights lit,Assam,Jorhat
5221.0,2018-08-12,18:42,26.74546002,94.22604467,Minor injury,1.0,1.0,Single carriageway,Fine no high winds,Daylight,Assam,Jorhat
5222.0,2018-08-10,06:10,26.72486364,94.22398441,Minor injury,1.0,1.0,Single carriageway,Fine no high winds,Daylight,Assam,Jorhat
5223.0,2018-08-29,00:30,26.73469752,94.17044117,Minor injury,2.0,1.0,Single carriageway,Fine no high winds,Darkness - lights lit,Assam,Jorhat
5224.0,2018-08-07,03:12,26.76556014,94.22711266,Minor injury,1.0,1.0,One way street,Fine no high winds,Darkness - lights lit,Assam,Jorhat
5225.0,2018-08-25,19:45,26.7587396,94.21903987,Minor injury,2.0,1.0,Single carriageway,Fine no high winds,Daylight,Assam,Jorhat
5226.0,2018-07-30,02:05,26.75047675,94.22168761,Minor injury,1.0,1.0,Single carriageway,Fine no high winds,Darkness - lights lit,Assam,Jorhat
5227.0,2018-09-01,12:15,26.74762803,94.21855257,Minor injury,2.0,1.0,Single carriageway,Fine no high winds,Daylight,Assam,Jorhat
5228.0,2018-08-21,02:40,26.73832827,94.20694618,Minor injury,2.0,1.0,Single carriageway,Fine no high winds,Darkness - lights lit,Assam,Jorhat
5229.0,2018-08-31,15:30,26.73480453,94.19639083,Minor injury,2.0,1.0,Single carriageway,Fine no high winds,Daylight,Assam,Jorhat
5230.0,2018-06-28,18:52,26.74416239,94.19456912,Minor injury,2.0,1.0,Single carriageway,Fine no high winds,Daylight,Assam,Jorhat
5231.0,2018-08-29,16:25,26.72471713,94.2003358,Minor injury,1.0,1.0,Single carriageway,Fine no high winds,Daylight,Assam,Jorhat
5232.0,2018-09-02,10:50,26.74040794,94.17113941,Minor injury,2.0,1.0,Single carriageway,Fine no high winds,Daylight,Assam,Jorhat
5233.0,2018-09-18,13:10,26.72415533,94.2277429,Minor injury,2.0,1.0,Single carriageway,Fine no high winds,Daylight,Assam,Jorhat
5234.0,2018-09-09,13:58,26.76386884,94.20599542,Minor injury,2.0,1.0,Dual carriageway,Fine no high winds,Daylight,Assam,Jorhat
5235.0,2018-09-10,22:47,26.74171509,94.20157565,Minor injury,3.0,2.0,Single carriageway,Fine no high winds,Darkness - lights lit,Assam,Jorhat
5236.0,2018-09-10,16:55,26.74422586,94.18797862,Minor injury,2.0,1.0,Single carriageway,Raining no high winds,Daylight,Assam,Jorhat
5237.0,2018-08-20,16:00,26.73419744,94.20040971,Serious injury,1.0,1.0,Dual carriageway,Fine no high winds,Daylight,Assam,Jorhat
5238.0,2018-09-02,13:15,26.76130192,94.22289933,Minor injury,2.0,1.0,Single carriageway,Fine no high winds,Daylight,Assam,Jorhat
5239.0,2018-09-07,09:20,26.76863336,94.19850969,Minor injury,2.0,1.0,Single carriageway,Fine no high winds,Daylight,Assam,Jorhat
5240.0,2018-08-05,20:00,26.71991937,94.17776768,Minor injury,2.0,1.0,Single carriageway,Fine no high winds,Darkness - lights lit,Assam,Jorhat
5241.0,2018-08-04,11:45,26.7304988,94.18617661,Minor injury,2.0,1.0,Single carriageway,Fine no high winds,Daylight,Assam,Jorhat
5242.0,2018-09-16,17:10,26.73218065,94.219958,Minor injury,2.0,1.0,Single carriageway,Fine no high winds,Daylight,Assam,Jorhat
5243.0,2018-09-06,13:35,26.76537378,94.19071044,Minor injury,1.0,1.0,Single carriageway,Fine no high winds,Daylight,Assam,Jorhat
5244.0,2018-08-05,14:00,26.73157759,94.19721947,Minor injury,1.0,1.0,Single carriageway,Fine no high winds,Daylight,Assam,Jorhat
5245.0,2018-08-31,15:40,26.76422204,94.22550341,Minor injury,2.0,1.0,Single carriageway,Fine no high winds,Daylight,Assam,Jorhat
5246.0,2018-09-14,13:45,26.76703207,94.21148109,Minor injury,1.0,1.0,Single carriageway,Fine no high winds,Daylight,Assam,Jorhat
5247.0,2018-09-02,08:50,26.72025991,94.21826844,Minor injury,2.0,1.0,Single carriageway,Fine no high winds,Daylight,Assam,Jorhat
5248.0,2018-08-24,17:05,26.74809805,94.20287014,Minor injury,2.0,1.0,Single carriageway,Raining no high winds,Daylight,Assam,Jorhat
5249.0,2018-08-19,01:05,26.72284518,94.19175309,Minor injury,5.0,2.0,Dual carriageway,Fine no high winds,Darkness - lights lit,Assam,Jorhat
5250.0,2018-09-08,13:00,26.72003174,94.20656326,Minor injury,1.0,1.0,Single carriageway,Fine no high winds,Daylight,Assam,Jorhat
5251.0,2018-09-08,22:00,26.76765368,94.23100814,Serious injury,1.0,1.0,Single carriageway,Fine no high winds,Daylight,Assam,Jorhat
5252.0,2018-08-23,18:05,26.76315966,94.17683875,Minor injury,2.0,1.0,Single carriageway,Fine no high winds,Daylight,Assam,Jorhat
5253.0,2018-09-04,16:15,26.76735426,94.19059075,Minor injury,2.0,1.0,Single carriageway,Fine no high winds,Daylight,Assam,Jorhat
5254.0,2018-08-30,18:30,26.73808814,94.21874243,Serious injury,2.0,1.0,Single carriageway,Fine no high winds,Daylight,Assam,Jorhat
5255.0,2018-09-09,15:26,26.74430683,94.16672811,Minor injury,2.0,1.0,Single carriageway,Fine no high winds,Daylight,Assam,Jorhat
5256.0,2018-09-18,11:50,26.72485808,94.1796771,Minor injury,1.0,1.0,Single carriageway,Fine no high winds,Daylight,Assam,Jorhat
5257.0,2018-09-23,23:30,26.74211599,94.2233439,Serious injury,4.0,1.0,Single carriageway,Fine no high winds,Darkness - lights lit,Assam,Jorhat
5258.0,2018-09-21,15:47,26.7270465,94.23008966,Minor injury,2.0,1.0,Single carriageway,Fine no high winds,Daylight,Assam,Jorhat
5259.0,2018-09-23,13:45,26.72810253,94.20060849,Serious injury,2.0,1.0,Single carriageway,Raining no high winds,Daylight,Assam,Jorhat
5260.0,2018-09-19,21:30,26.71933954,94.22281371,Minor injury,1.0,1.0,Single carriageway,Fine no high winds,Daylight,Assam,Jorhat
5261.0,2018-09-27,14:52,26.73112943,94.20312628,Minor injury,1.0,1.0,Single carriageway,Fine no high winds,Daylight,Assam,Jorhat
5262.0,2018-09-23,13:53,26.74506441,94.21339313,Serious injury,2.0,2.0,Single carriageway,Raining no high winds,Daylight,Assam,Jorhat
5263.0,2018-09-29,09:40,26.73710338,94.21212627,Minor injury,2.0,1.0,Single carriageway,Fine no high winds,Daylight,Assam,Jorhat
5264.0,2018-08-30,13:00,26.73070644,94.21912349,Minor injury,2.0,1.0,Single carriageway,Fine no high winds,Daylight,Assam,Jorhat
5265.0,2018-09-20,17:38,26.73087278,94.20827574,Minor injury,2.0,1.0,Single carriageway,Fine no high winds,Daylight,Assam,Jorhat
5266.0,2018-09-17,13:00,26.71908291,94.19712027,Minor injury,3.0,1.0,Single carriageway,Fine no high winds,Daylight,Assam,Jorhat
5267.0,2018-07-28,10:25,26.72837916,94.2243628,Minor injury,3.0,1.0,Single carriageway,Other,Daylight,Assam,Jorhat
5268.0,2018-09-24,13:46,26.74632857,94.19904151,Serious injury,2.0,1.0,Single carriageway,Fine no high winds,Daylight,Assam,Jorhat
5269.0,2018-09-24,05:45,26.74438356,94.18589413,Minor injury,1.0,1.0,Single carriageway,Fine no high winds,Darkness - lights lit,Assam,Jorhat
5270.0,2018-09-27,14:58,26.7598697,94.21897822,Minor injury,1.0,1.0,Single carriageway,Fine no high winds,Daylight,Assam,Jorhat
5271.0,2018-09-19,16:33,26.76963708,94.17244476,Minor injury,2.0,2.0,Single carriageway,Fine no high winds,Daylight,Assam,Jorhat
5272.0,2018-07-20,14:26,26.76698343,94.19233752,Minor injury,2.0,1.0,Single carriageway,Fine no high winds,Daylight,Assam,Jorhat
5273.0,2018-07-15,20:05,26.73607702,94.18198477,Minor injury,2.0,1.0,Single carriageway,Fine no high winds,Darkness - lights lit,Assam,Jorhat
5274.0,2018-09-26,18:55,26.75249527,94.22040418,Minor injury,2.0,1.0,Single carriageway,Fine no high winds,Darkness - lights lit,Assam,Jorhat
5275.0,2018-10-01,09:15,26.76154796,94.18231421,Minor injury,2.0,1.0,Dual carriageway,Fine no high winds,Daylight,Assam,Jorhat
5276.0,2018-09-17,10:30,26.74272986,94.21979615,Minor injury,2.0,1.0,Single carriageway,Fine no high winds,Daylight,Assam,Jorhat
5277.0,2018-09-28,08:53,26.74134595,94.18139111,Minor injury,1.0,1.0,Single carriageway,Fine no high winds,Daylight,Assam,Jorhat
5278.0,2018-09-29,21:00,26.74116337,94.18747878,Minor injury,2.0,1.0,Single carriageway,Fine no high winds,Darkness - lights lit,Assam,Jorhat
5279.0,2018-10-02,11:30,26.73568659,94.21381204,Minor injury,1.0,1.0,Single carriageway,Fine no high winds,Daylight,Assam,Jorhat
5280.0,2018-09-30,10:27,26.76740455,94.16693983,Minor injury,2.0,1.0,Single carriageway,Fine no high winds,Daylight,Assam,Jorhat
5281.0,2018-09-26,22:30,26.73169281,94.18580417,Minor injury,2.0,1.0,Single carriageway,Fine no high winds,Darkness - lights lit,Assam,Jorhat
5282.0,2018-09-11,20:34,26.7676523,94.21776101,Minor injury,2.0,1.0,Single carriageway,Fine no high winds,Darkness - lights lit,Assam,Jorhat
5283.0,2018-09-24,10:10,26.76840702,94.23122365,Serious injury,2.0,1.0,Single carriageway,Fine no high winds,Daylight,Assam,Jorhat
5284.0,2018-09-30,23:20,26.72305785,94.21764475,Minor injury,2.0,1.0,Dual carriageway,Fine no high winds,Darkness - lights lit,Assam,Jorhat
5285.0,2018-09-28,20:20,26.76516207,94.17369248,Minor injury,2.0,1.0,Single carriageway,Fine no high winds,Daylight,Assam,Jorhat
5286.0,2018-10-08,16:30,26.72344891,94.18229476,Minor injury,1.0,1.0,Single carriageway,Fine no high winds,Daylight,Assam,Jorhat
5287.0,2018-08-23,12:20,26.74048383,94.16848465,Minor injury,2.0,1.0,Single carriageway,Fine no high winds,Daylight,Assam,Jorhat
5288.0,2018-09-27,14:00,26.7686588,94.20094205,Minor injury,2.0,1.0,Single carriageway,Fine no high winds,Daylight,Assam,Jorhat
5289.0,2018-09-28,09:50,26.71778725,94.1803716,Minor injury,1.0,1.0,Single carriageway,Fine no high winds,Daylight,Assam,Jorhat
5290.0,2018-09-22,09:34,26.73876323,94.20416398,Minor injury,1.0,1.0,Single carriageway,Fine no high winds,Daylight,Assam,Jorhat
5291.0,2018-10-01,15:15,26.73658289,94.22628949,Minor injury,1.0,1.0,Single carriageway,Fine no high winds,Daylight,Assam,Jorhat
5292.0,2018-09-01,17:17,26.71991783,94.19107784,Minor injury,1.0,1.0,Single carriageway,Fine no high winds,Daylight,Assam,Jorhat
5293.0,2018-09-14,13:00,26.75424632,94.18314231,Minor injury,2.0,1.0,Single carriageway,Fine no high winds,Daylight,Assam,Jorhat
5294.0,2018-09-23,14:40,26.73425187,94.16705649,Minor injury,1.0,1.0,Single carriageway,Fine no high winds,Daylight,Assam,Jorhat
5295.0,2018-09-24,15:17,26.72944656,94.19994189,Minor injury,2.0,1.0,Single carriageway,Fine no high winds,Daylight,Assam,Jorhat
5296.0,2018-09-24,03:45,26.75504868,94.18819161,Minor injury,2.0,2.0,Single carriageway,Fine no high winds,Darkness - lights lit,Assam,Jorhat
5297.0,2018-09-28,07:40,26.74863335,94.18632816,Minor injury,2.0,1.0,Single carriageway,Fine no high winds,Daylight,Assam,Jorhat
5298.0,2018-10-01,16:32,26.74145598,94.19807354,Minor injury,2.0,2.0,Single carriageway,Fine no high winds,Daylight,Assam,Jorhat
5299.0,2018-09-29,17:10,26.75483375,94.17069529,Serious injury,2.0,2.0,Single carriageway,Fine no high winds,Daylight,Assam,Jorhat
5300.0,2018-10-05,17:10,26.75998051,94.18713041,Minor injury,2.0,1.0,Single carriageway,Fine no high winds,Daylight,Assam,Jorhat
5301.0,2018-10-08,17:44,26.75722331,94.20567781,Minor injury,3.0,3.0,Single carriageway,Fine no high winds,Daylight,Assam,Jorhat
5302.0,2018-10-03,13:08,26.7639894,94.2012367,Minor injury,2.0,1.0,Single carriageway,Fine no high winds,Daylight,Assam,Jorhat
5303.0,2018-10-08,21:00,26.74823796,94.17963842,Minor injury,2.0,1.0,Roundabout,Fine no high winds,Darkness - lights lit,Assam,Jorhat
5304.0,2018-10-05,09:10,26.73222205,94.2308669,Minor injury,2.0,1.0,Single carriageway,Fine no high winds,Daylight,Assam,Jorhat
5305.0,2018-10-11,09:56,26.72541789,94.19369162,Minor injury,1.0,1.0,Single carriageway,Fine no high winds,Daylight,Assam,Jorhat
5306.0,2018-10-11,02:00,26.74995048,94.22885001,Minor injury,3.0,1.0,Single carriageway,Fine no high winds,Darkness - lights lit,Assam,Jorhat
5307.0,2018-10-11,17:55,26.73429422,94.1997632,Minor injury,2.0,2.0,Single carriageway,Fine no high winds,Daylight,Assam,Jorhat
5308.0,2018-10-13,17:38,26.73628825,94.20173108,Minor injury,1.0,1.0,Single carriageway,Fine no high winds,Daylight,Assam,Jorhat
5309.0,2018-10-13,12:30,26.76572252,94.22017588,Minor injury,2.0,1.0,Single carriageway,Fine no high winds,Daylight,Assam,Jorhat
5310.0,2018-10-14,15:34,26.7422305,94.20593867,Minor injury,2.0,1.0,Single carriageway,Fine no high winds,Daylight,Assam,Jorhat
5311.0,2018-10-15,11:49,26.73584053,94.21340085,Minor injury,2.0,1.0,Single carriageway,Fine no high winds,Daylight,Assam,Jorhat
5312.0,2018-10-15,15:35,26.75104018,94.20955867,Minor injury,1.0,1.0,Single carriageway,Fine no high winds,Daylight,Assam,Jorhat
5313.0,2018-10-14,18:00,26.74519059,94.21447063,Minor injury,2.0,1.0,Roundabout,Fine no high winds,Daylight,Assam,Jorhat
5314.0,2018-10-11,07:40,26.7584278,94.19207053,Minor injury,2.0,1.0,Single carriageway,Fine no high winds,Daylight,Assam,Jorhat
5315.0,2018-06-25,13:30,26.72799428,94.21166342,Minor injury,2.0,1.0,Single carriageway,Fine no high winds,Daylight,Assam,Jorhat
5316.0,2018-09-28,23:15,26.75213736,94.20222484,Minor injury,2.0,1.0,Single carriageway,Raining no high winds,Darkness - lights lit,Assam,Jorhat
5317.0,2018-10-12,18:00,26.74958624,94.22558986,Minor injury,1.0,1.0,Single carriageway,Raining no high winds,Daylight,Assam,Jorhat
5318.0,2018-10-16,18:10,26.76922307,94.1800445,Minor injury,2.0,1.0,Single carriageway,Fine no high winds,Daylight,Assam,Jorhat
5319.0,2018-10-20,16:20,26.75702919,94.17187429,Minor injury,2.0,1.0,Single carriageway,Fine no high winds,Daylight,Assam,Jorhat
5320.0,2018-10-16,16:08,26.76560978,94.23167051,Minor injury,2.0,1.0,Single carriageway,Fine no high winds,Daylight,Assam,Jorhat
5321.0,2018-10-24,17:10,26.74337672,94.21419294,Minor injury,2.0,2.0,Single carriageway,Fine no high winds,Daylight,Assam,Jorhat
5322.0,2018-10-15,18:30,26.7621671,94.20019294,Minor injury,2.0,1.0,Single carriageway,Fine no high winds,Daylight,Assam,Jorhat
5323.0,2018-10-03,15:10,26.72347996,94.21008609,Minor injury,2.0,1.0,Single carriageway,Fine no high winds,Daylight,Assam,Jorhat
5324.0,2018-10-10,13:30,26.74024189,94.2272369,Minor injury,2.0,1.0,Single carriageway,Fine no high winds,Daylight,Assam,Jorhat
5325.0,2018-10-22,23:30,26.7596049,94.21953647,Minor injury,2.0,1.0,Single carriageway,Fine no high winds,Darkness - lights lit,Assam,Jorhat
5326.0,2018-08-28,12:39,26.76531901,94.18709636,Minor injury,2.0,1.0,Single carriageway,Fine no high winds,Daylight,Assam,Jorhat
5327.0,2018-09-30,19:30,26.72548688,94.21270724,Minor injury,2.0,1.0,Single carriageway,Fine no high winds,Daylight,Assam,Jorhat
5328.0,2018-10-21,15:30,26.75564688,94.21573658,Minor injury,2.0,1.0,Single carriageway,Fine no high winds,Daylight,Assam,Jorhat
5329.0,2018-10-12,10:00,26.72089499,94.17849865,Minor injury,2.0,1.0,Single carriageway,Fine no high winds,Daylight,Assam,Jorhat
5330.0,2018-09-30,08:10,26.754385,94.18308763,Minor injury,3.0,1.0,Single carriageway,Raining no high winds,Daylight,Assam,Jorhat
5331.0,2018-06-04,20:49,26.73956316,94.17615825,Serious injury,2.0,1.0,Single carriageway,Fine no high winds,Daylight,Assam,Jorhat
5332.0,2018-10-25,17:30,26.73459674,94.18708338,Minor injury,1.0,2.0,Single carriageway,Fine no high winds,Daylight,Assam,Jorhat
5333.0,2018-10-24,10:16,26.73185206,94.1697812,Minor injury,1.0,1.0,Single carriageway,Fine no high winds,Daylight,Assam,Jorhat
5334.0,2018-10-30,00:15,26.75840147,94.17707815,Serious injury,2.0,1.0,Single carriageway,Raining no high winds,Darkness - lights lit,Assam,Jorhat
5335.0,2018-10-21,00:55,26.76331756,94.18708581,Minor injury,2.0,2.0,Single carriageway,Fine no high winds,Darkness - lights lit,Assam,Jorhat
5336.0,2018-10-06,02:45,26.76446852,94.21410105,Minor injury,2.0,1.0,Single carriageway,Fine no high winds,Darkness - lights lit,Assam,Jorhat
5337.0,2018-10-18,22:21,26.75635695,94.19974259,Minor injury,2.0,1.0,Single carriageway,Fine no high winds,Darkness - lights lit,Assam,Jorhat
5338.0,2018-10-30,21:15,26.7312884,94.18962086,Minor injury,2.0,1.0,Single carriageway,Fine no high winds,Darkness - lights lit,Assam,Jorhat
5339.0,2018-10-27,01:38,26.75851963,94.16768243,Minor injury,2.0,1.0,Single carriageway,Fine no high winds,Darkness - lights lit,Assam,Jorhat
5340.0,2018-10-01,20:00,26.74561142,94.16678865,Minor injury,2.0,1.0,Single carriageway,Fine no high winds,Darkness - lights lit,Assam,Jorhat
5341.0,2018-10-13,07:39,26.73429303,94.1989177,Minor injury,2.0,1.0,Single carriageway,Raining no high winds,Daylight,Assam,Jorhat
5342.0,2018-10-31,14:36,26.75516415,94.17468044,Minor injury,1.0,1.0,Single carriageway,Fine no high winds,Daylight,Assam,Jorhat
5343.0,2018-10-31,21:25,26.73546833,94.16944516,Minor injury,2.0,1.0,Dual carriageway,Raining no high winds,Darkness - lights lit,Assam,Jorhat
5344.0,2018-11-03,20:19,26.75210729,94.20112803,Minor injury,2.0,1.0,Single carriageway,Fine no high winds,Darkness - lights lit,Assam,Jorhat
5345.0,2018-10-25,18:20,26.7380337,94.16729895,Minor injury,2.0,1.0,Single carriageway,Fine + high winds,Darkness - lights lit,Assam,Jorhat
5346.0,2018-10-21,15:10,26.7292881,94.22407482,Minor injury,1.0,1.0,Single carriageway,Fine no high winds,Daylight,Assam,Jorhat
5347.0,2018-11-05,11:00,26.75659405,94.20401478,Minor injury,1.0,1.0,Single carriageway,Fine no high winds,Daylight,Assam,Jorhat
5348.0,2018-10-28,17:43,26.7460966,94.20753575,Minor injury,1.0,1.0,Single carriageway,Fine no high winds,Daylight,Assam,Jorhat
5349.0,2018-10-26,16:38,26.75586469,94.21074824,Minor injury,1.0,1.0,Single carriageway,Fine no high winds,Daylight,Assam,Jorhat
5350.0,2018-10-19,06:30,26.74560895,94.2246732,Minor injury,2.0,1.0,Single carriageway,Fine no high winds,Darkness - lights lit,Assam,Jorhat
5351.0,2018-10-27,07:55,26.74492139,94.22223356,Minor injury,2.0,1.0,Single carriageway,Fine no high winds,Daylight,Assam,Jorhat
5352.0,2018-10-12,15:54,26.75844587,94.22573893,Minor injury,1.0,1.0,Single carriageway,Raining no high winds,Daylight,Assam,Jorhat
5353.0,2018-10-24,10:00,26.76213084,94.19405056,Serious injury,2.0,1.0,Single carriageway,Fine no high winds,Daylight,Assam,Jorhat
5354.0,2018-10-15,00:40,26.7558114,94.22255009,Minor injury,1.0,1.0,Single carriageway,Fine no high winds,Darkness - lights lit,Assam,Jorhat
5355.0,2018-11-04,20:05,26.75769737,94.17317062,Minor injury,3.0,2.0,Single carriageway,Fine no high winds,Darkness - lights lit,Assam,Jorhat
5356.0,2018-10-20,17:21,26.74449375,94.20987125,Minor injury,1.0,1.0,Single carriageway,Fine no high winds,Daylight,Assam,Jorhat
5357.0,2018-11-04,08:00,26.75068368,94.17662274,Minor injury,2.0,1.0,Single carriageway,Fine no high winds,Daylight,Assam,Jorhat
5358.0,2018-10-21,18:18,26.75963704,94.17618318,Serious injury,2.0,1.0,Single carriageway,Fine no high winds,Darkness - lights lit,Assam,Jorhat
5359.0,2018-10-27,14:30,26.74165216,94.23036872,Minor injury,1.0,1.0,Dual carriageway,Fine no high winds,Daylight,Assam,Jorhat
5360.0,2018-11-02,12:10,26.76759158,94.19628698,Minor injury,1.0,1.0,Dual carriageway,Fine no high winds,Daylight,Assam,Jorhat
5361.0,2018-11-01,17:25,26.75704436,94.21899924,Minor injury,1.0,1.0,Dual carriageway,Fine no high winds,Daylight,Assam,Jorhat
5362.0,2018-10-29,19:55,26.72451954,94.1850183,Minor injury,2.0,1.0,Dual carriageway,Fine no high winds,Darkness - lights lit,Assam,Jorhat
5363.0,2018-09-07,12:54,26.76614555,94.20636017,Minor injury,2.0,1.0,Single carriageway,Fine no high winds,Daylight,Assam,Jorhat
5364.0,2018-11-01,06:20,26.72652245,94.20651182,Minor injury,1.0,1.0,Single carriageway,Fine no high winds,Darkness - lights lit,Assam,Jorhat
5365.0,2018-10-22,14:40,26.76856001,94.21581975,Minor injury,2.0,1.0,Single carriageway,Fine no high winds,Daylight,Assam,Jorhat
5366.0,2018-10-24,08:10,26.74658148,94.20870015,Minor injury,2.0,1.0,Single carriageway,Fine no high winds,Daylight,Assam,Jorhat
5367.0,2018-09-02,12:00,26.75135522,94.20656223,Minor injury,1.0,1.0,Single carriageway,Fine no high winds,Daylight,Assam,Jorhat
5368.0,2018-10-19,09:29,26.74373258,94.22225664,Minor injury,2.0,1.0,Single carriageway,Fine no high winds,Daylight,Assam,Jorhat
5369.0,2018-10-31,07:10,26.74162368,94.17370148,Minor injury,2.0,1.0,Single carriageway,Fine no high winds,Daylight,Assam,Jorhat
5370.0,2018-10-31,09:15,26.73710931,94.19822602,Minor injury,2.0,1.0,Single carriageway,Fine no high winds,Daylight,Assam,Jorhat
5371.0,2018-11-12,06:55,26.7308149,94.23184751,Minor injury,1.0,1.0,Single carriageway,Fine no high winds,Daylight,Assam,Jorhat
5372.0,2018-11-08,17:20,26.73652413,94.21893944,Minor injury,2.0,1.0,Single carriageway,Fine no high winds,Darkness - lights lit,Assam,Jorhat
5373.0,2018-11-11,16:43,26.76100446,94.21712626,Minor injury,1.0,1.0,Single carriageway,Fine no high winds,Darkness - lights lit,Assam,Jorhat
5374.0,2018-11-14,18:26,26.73930899,94.20503363,Serious injury,1.0,1.0,Single carriageway,Fine no high winds,Darkness - lights lit,Assam,Jorhat
5375.0,2018-11-07,19:35,26.76102978,94.20048608,Minor injury,2.0,1.0,Single carriageway,Fine no high winds,Darkness - lights lit,Assam,Jorhat
5376.0,2018-11-08,09:48,26.7301725,94.19568946,Minor injury,1.0,1.0,Single carriageway,Fine no high winds,Daylight,Assam,Jorhat
5377.0,2018-11-11,12:01,26.74884593,94.21690593,Minor injury,2.0,1.0,Single carriageway,Fine no high winds,Daylight,Assam,Jorhat
5378.0,2018-11-02,17:35,26.72045305,94.19938805,Serious injury,2.0,1.0,Single carriageway,Raining no high winds,Darkness - lights lit,Assam,Jorhat
5379.0,2018-11-14,17:24,26.76568909,94.18755609,Minor injury,2.0,1.0,Single carriageway,Fine no high winds,Darkness - lights lit,Assam,Jorhat
5380.0,2018-11-09,08:32,26.74257912,94.222827,Minor injury,1.0,1.0,Single carriageway,Fine no high winds,Daylight,Assam,Jorhat
5381.0,2018-10-12,09:05,26.74022556,94.21618362,Minor injury,3.0,1.0,Single carriageway,Fine no high winds,Daylight,Assam,Jorhat
5382.0,2018-09-27,07:49,26.72705371,94.19816203,Serious injury,1.0,1.0,Single carriageway,Fine no high winds,Daylight,Assam,Jorhat
5383.0,2018-07-07,01:55,26.74878542,94.22947433,Minor injury,1.0,1.0,One way street,Fine no high winds,Darkness - lights lit,Assam,Jorhat
5384.0,2018-11-11,21:30,26.7352733,94.16979237,Minor injury,2.0,1.0,Single carriageway,Fine no high winds,Darkness - lights lit,Assam,Jorhat
5385.0,2018-10-27,15:59,26.7273907,94.21506194,Minor injury,2.0,1.0,Single carriageway,Fine no high winds,Daylight,Assam,Jorhat
5386.0,2018-10-03,16:30,26.75317822,94.21047133,Minor injury,2.0,1.0,Single carriageway,Fine no high winds,Daylight,Assam,Jorhat
5387.0,2018-11-07,17:15,26.74707627,94.22269484,Minor injury,2.0,1.0,Single carriageway,Fine no high winds,Darkness - lights lit,Assam,Jorhat
5388.0,2018-09-16,16:15,26.75447145,94.22086714,Minor injury,2.0,1.0,Single carriageway,Fine no high winds,Daylight,Assam,Jorhat
5389.0,2018-11-06,11:55,26.76148367,94.1824274,Minor injury,2.0,1.0,Single carriageway,Raining no high winds,Daylight,Assam,Jorhat
5390.0,2018-10-24,08:30,26.74562894,94.228822,Minor injury,1.0,1.0,Single carriageway,Fine no high winds,Daylight,Assam,Jorhat
5391.0,2018-11-13,12:29,26.73961096,94.22920192,Minor injury,2.0,1.0,Dual carriageway,Fine no high winds,Daylight,Assam,Jorhat
5392.0,2018-11-02,09:30,26.75731547,94.17775962,Serious injury,1.0,1.0,Single carriageway,Fine no high winds,Daylight,Assam,Jorhat
5393.0,2018-11-13,12:10,26.76536073,94.21864186,Minor injury,2.0,2.0,Single carriageway,Fine no high winds,Daylight,Assam,Jorhat
5394.0,2018-11-12,12:00,26.73338785,94.21874615,Minor injury,2.0,1.0,Single carriageway,Fine no high winds,Daylight,Assam,Jorhat
5395.0,2018-11-10,18:40,26.75836286,94.19835268,Minor injury,2.0,1.0,Single carriageway,Fine no high winds,Darkness - lights lit,Assam,Jorhat
5396.0,2018-11-04,08:50,26.73904554,94.17477431,Minor injury,2.0,1.0,Single carriageway,Fine no high winds,Daylight,Assam,Jorhat
5397.0,2018-11-15,09:42,26.76935383,94.22113207,Minor injury,2.0,1.0,Single carriageway,Fine no high winds,Daylight,Assam,Jorhat
5398.0,2018-11-02,11:20,26.74541264,94.16943175,Minor injury,2.0,1.0,Single carriageway,Fine no high winds,Daylight,Assam,Jorhat
5399.0,2018-11-15,18:02,26.73275039,94.19899205,Serious injury,2.0,1.0,Single carriageway,Fine no high winds,Darkness - lights lit,Assam,Jorhat
5400.0,2018-11-21,08:13,26.72752114,94.17324617,Minor injury,1.0,1.0,Single carriageway,Fine no high winds,Daylight,Assam,Jorhat
5401.0,2018-11-15,15:45,26.74253579,94.21203977,Serious injury,1.0,1.0,Single carriageway,Fine no high winds,Daylight,Assam,Jorhat
5402.0,2018-10-15,17:45,26.75436189,94.22907067,Minor injury,2.0,1.0,Single carriageway,Fine no high winds,Daylight,Assam,Jorhat
5403.0,2018-09-16,01:54,26.72707569,94.1813307,Minor injury,1.0,1.0,Single carriageway,Fine no high winds,Darkness - lights lit,Assam,Jorhat
5404.0,2018-11-22,01:38,26.72103737,94.16979657,Minor injury,2.0,1.0,Dual carriageway,Fog or mist,Darkness - lights lit,Assam,Jorhat
5405.0,2018-11-15,14:00,26.7600769,94.18857795,Minor injury,1.0,1.0,Single carriageway,Fine no high winds,Daylight,Assam,Jorhat
5406.0,2018-11-20,03:55,26.71979337,94.21233512,Minor injury,2.0,2.0,Single carriageway,Fine no high winds,Darkness - lights lit,Assam,Jorhat
5407.0,2018-11-11,13:55,26.76548173,94.22145296,Minor injury,2.0,1.0,Single carriageway,Fine no high winds,Daylight,Assam,Jorhat
5408.0,2018-11-15,17:40,26.76098357,94.20188992,Minor injury,2.0,1.0,Single carriageway,Fine no high winds,Darkness - lights lit,Assam,Jorhat
5409.0,2018-11-03,09:40,26.73074994,94.19328063,Minor injury,2.0,1.0,Single carriageway,Raining no high winds,Daylight,Assam,Jorhat
5410.0,2018-11-18,14:20,26.72343393,94.20855514,Minor injury,2.0,2.0,Single carriageway,Fine no high winds,Daylight,Assam,Jorhat
5411.0,2018-11-09,10:30,26.73743612,94.20448568,Minor injury,3.0,1.0,Single carriageway,Fine no high winds,Daylight,Assam,Jorhat
5412.0,2018-11-19,13:50,26.7495542,94.18818354,Minor injury,2.0,1.0,Dual carriageway,Fine no high winds,Daylight,Assam,Jorhat
5413.0,2018-11-17,21:35,26.72633275,94.17570208,Minor injury,2.0,1.0,Single carriageway,Fine no high winds,Darkness - lights lit,Assam,Jorhat
5414.0,2018-11-21,21:40,26.74645269,94.17604529,Minor injury,1.0,2.0,Single carriageway,Raining no high winds,Darkness - lights lit,Assam,Jorhat
5415.0,2018-11-12,17:45,26.74001218,94.20014658,Minor injury,2.0,1.0,Dual carriageway,Fine no high winds,Darkness - lights lit,Assam,Jorhat
5416.0,2018-11-21,09:55,26.72074488,94.19071933,Minor injury,1.0,1.0,Single carriageway,Fine no high winds,Daylight,Assam,Jorhat
5417.0,2018-11-07,18:50,26.7350049,94.19818769,Minor injury,2.0,1.0,Single carriageway,Fine no high winds,Darkness - lights lit,Assam,Jorhat
5418.0,2018-11-14,22:20,26.76106763,94.21981848,Minor injury,2.0,1.0,Single carriageway,Fine no high winds,Darkness - lights lit,Assam,Jorhat
5419.0,2018-11-26,00:30,26.74130271,94.22655137,Minor injury,2.0,1.0,Single carriageway,Raining no high winds,Darkness - lights lit,Assam,Jorhat
5420.0,2018-11-28,19:57,26.75907077,94.18472135,Minor injury,2.0,1.0,Single carriageway,Fine no high winds,Darkness - lights lit,Assam,Jorhat
5421.0,2018-11-15,16:55,26.72945885,94.18314752,Minor injury,2.0,1.0,Single carriageway,Raining no high winds,Darkness - lights lit,Assam,Jorhat
5422.0,2018-11-22,15:10,26.72700542,94.22241026,Minor injury,1.0,1.0,Single carriageway,Fine no high winds,Daylight,Assam,Jorhat
5423.0,2018-11-24,14:05,26.72718344,94.18150356,Minor injury,2.0,1.0,Single carriageway,Fine no high winds,Daylight,Assam,Jorhat
5424.0,2018-11-19,08:45,26.7625528,94.2039994,Minor injury,2.0,1.0,Single carriageway,Fine no high winds,Daylight,Assam,Jorhat
5425.0,2018-11-05,02:20,26.71972669,94.20474536,Minor injury,2.0,1.0,Single carriageway,Fine no high winds,Darkness - lights lit,Assam,Jorhat
5426.0,2018-11-29,16:30,26.72124803,94.21668122,Minor injury,2.0,1.0,Single carriageway,Fine no high winds,Darkness - lights lit,Assam,Jorhat
5427.0,2018-12-05,10:39,26.73984615,94.22275461,Minor injury,2.0,2.0,Dual carriageway,Fine no high winds,Daylight,Assam,Jorhat
5428.0,2018-11-24,09:40,26.75454179,94.19225888,Minor injury,1.0,1.0,Single carriageway,Fine no high winds,Daylight,Assam,Jorhat
5429.0,2018-11-10,15:40,26.71792085,94.21726879,Minor injury,1.0,1.0,Single carriageway,Fine no high winds,Daylight,Assam,Jorhat
5430.0,2018-12-05,13:06,26.74727234,94.1982493,Minor injury,1.0,1.0,Single carriageway,Fine no high winds,Daylight,Assam,Jorhat
5431.0,2018-11-25,18:45,26.73272754,94.19626339,Minor injury,2.0,1.0,Single carriageway,Fine no high winds,Daylight,Assam,Jorhat
5432.0,2018-11-29,22:45,26.75725995,94.21467394,Minor injury,2.0,1.0,Single carriageway,Fine no high winds,Darkness - lights lit,Assam,Jorhat
5433.0,2018-10-25,23:29,26.74293691,94.18355653,Serious injury,1.0,1.0,Single carriageway,Fine no high winds,Darkness - lights lit,Assam,Jorhat
5434.0,2018-12-05,13:00,26.76266233,94.22078731,Minor injury,2.0,1.0,Single carriageway,Fine no high winds,Daylight,Assam,Jorhat
5435.0,2018-12-02,09:35,26.76379712,94.18686094,Minor injury,2.0,1.0,Single carriageway,Fine no high winds,Daylight,Assam,Jorhat
5436.0,2018-11-20,03:08,26.74543132,94.19388439,Minor injury,2.0,2.0,Single carriageway,Raining no high winds,Darkness - lights lit,Assam,Jorhat
5437.0,2018-12-07,23:45,26.75529351,94.2313708,Minor injury,1.0,1.0,One way street,Fine no high winds,Darkness - lights lit,Assam,Jorhat
5438.0,2018-12-09,12:37,26.73959699,94.20135332,Minor injury,2.0,2.0,Single carriageway,Fine no high winds,Daylight,Assam,Jorhat
5439.0,2018-12-01,09:30,26.76089874,94.19216142,Minor injury,2.0,1.0,Single carriageway,Fine no high winds,Daylight,Assam,Jorhat
5440.0,2018-09-21,09:06,26.72324426,94.22682087,Minor injury,1.0,1.0,Single carriageway,Fine no high winds,Daylight,Assam,Jorhat
5441.0,2018-12-13,08:40,26.75750431,94.20468949,Minor injury,2.0,1.0,One way street,Raining no high winds,Daylight,Assam,Jorhat
5442.0,2018-12-10,15:02,26.73875313,94.17777951,Serious injury,2.0,2.0,Single carriageway,Fine no high winds,Daylight,Assam,Jorhat
5443.0,2018-12-05,14:05,26.73230352,94.19990727,Minor injury,2.0,1.0,Single carriageway,Fine no high winds,Daylight,Assam,Jorhat
5444.0,2018-12-05,13:00,26.76204957,94.18336221,Minor injury,3.0,1.0,Single carriageway,Fine no high winds,Daylight,Assam,Jorhat
5445.0,2018-11-28,08:00,26.73187033,94.21098336,Minor injury,2.0,1.0,Single carriageway,Fine no high winds,Daylight,Assam,Jorhat
5446.0,2018-11-27,01:45,26.74452494,94.16941345,Serious injury,1.0,1.0,Single carriageway,Fine no high winds,Darkness - lights lit,Assam,Jorhat
5447.0,2018-12-05,11:15,26.73436152,94.21663942,Minor injury,1.0,1.0,Single carriageway,Fine no high winds,Daylight,Assam,Jorhat
5448.0,2018-11-27,16:30,26.763101,94.20976071,Serious injury,2.0,1.0,Single carriageway,Fine no high winds,Darkness - lights lit,Assam,Jorhat
5449.0,2018-12-15,09:30,26.76924964,94.21202628,Minor injury,2.0,1.0,Roundabout,Fine no high winds,Daylight,Assam,Jorhat
5450.0,2018-12-13,12:51,26.72238545,94.17393041,Minor injury,1.0,1.0,Single carriageway,Fine no high winds,Daylight,Assam,Jorhat
5451.0,2018-11-30,09:10,26.75639301,94.16753044,Serious injury,1.0,1.0,Single carriageway,Fine no high winds,Daylight,Assam,Jorhat
5452.0,2018-12-02,01:23,26.76027592,94.18741506,Minor injury,1.0,1.0,Single carriageway,Raining no high winds,Darkness - lights lit,Assam,Jorhat
5453.0,2018-11-25,14:22,26.74872263,94.16714112,Minor injury,1.0,1.0,Single carriageway,Fine no high winds,Daylight,Assam,Jorhat
5454.0,2018-12-13,08:59,26.76681522,94.19918484,Minor injury,2.0,1.0,Single carriageway,Fine no high winds,Daylight,Assam,Jorhat
5455.0,2018-12-17,08:00,26.75192205,94.18268615,Minor injury,1.0,1.0,Single carriageway,Fine no high winds,Daylight,Assam,Jorhat
5456.0,2018-10-29,22:30,26.72874866,94.17284846,Minor injury,3.0,1.0,Dual carriageway,Fine no high winds,Darkness - lights lit,Assam,Jorhat
5457.0,2018-11-11,17:00,26.76203022,94.22781715,Minor injury,2.0,1.0,Single carriageway,Fine no high winds,Daylight,Assam,Jorhat
5458.0,2018-10-19,06:10,26.76208708,94.21283807,Serious injury,2.0,1.0,Single carriageway,Raining no high winds,Darkness - lights lit,Assam,Jorhat
5459.0,2018-12-29,05:45,26.73555244,94.1811571,Minor injury,2.0,1.0,Single carriageway,Fine no high winds,Darkness - lights lit,Assam,Jorhat
5460.0,2018-12-23,05:59,26.74119021,94.22055174,Minor injury,2.0,1.0,Single carriageway,Fine no high winds,Darkness - lights lit,Assam,Jorhat
5461.0,2018-12-20,13:01,26.74983498,94.22053415,Minor injury,1.0,1.0,Single carriageway,Fine no high winds,Daylight,Assam,Jorhat
5462.0,2018-12-21,00:50,26.74998346,94.2087042,Minor injury,2.0,2.0,Single carriageway,Fine no high winds,Darkness - lights lit,Assam,Jorhat
5463.0,2018-12-22,06:55,26.76498493,94.22457102,Serious injury,1.0,1.0,Single carriageway,Fine no high winds,Darkness - lights lit,Assam,Jorhat
5464.0,2018-12-18,13:49,26.75869869,94.22376929,Minor injury,1.0,1.0,Single carriageway,Fine no high winds,Daylight,Assam,Jorhat
5465.0,2018-12-02,18:55,26.75210032,94.19982997,Minor injury,2.0,1.0,Single carriageway,Fine no high winds,Darkness - lights lit,Assam,Jorhat
5466.0,2018-12-10,22:27,26.75622651,94.21788284,Minor injury,2.0,1.0,Single carriageway,Fine no high winds,Darkness - lights lit,Assam,Jorhat
5467.0,2018-12-14,15:30,26.73061915,94.18388447,Minor injury,1.0,1.0,Single carriageway,Fine no high winds,Daylight,Assam,Jorhat
5468.0,2018-12-15,08:42,26.72384065,94.16700976,Minor injury,2.0,1.0,Single carriageway,Fine no high winds,Daylight,Assam,Jorhat
5469.0,2018-12-17,18:15,26.73369267,94.20573208,Minor injury,3.0,1.0,Single carriageway,Fine no high winds,Darkness - lights lit,Assam,Jorhat
5470.0,2018-12-20,12:50,26.75114947,94.17421877,Minor injury,1.0,1.0,Single carriageway,Fine no high winds,Daylight,Assam,Jorhat
5471.0,2018-12-20,10:40,26.73712849,94.2245031,Serious injury,1.0,1.0,Single carriageway,Fine no high winds,Daylight,Assam,Jorhat
5472.0,2018-12-21,07:55,26.72550652,94.20839305,Minor injury,2.0,1.0,Single carriageway,Fine no high winds,Darkness - lights lit,Assam,Jorhat
5473.0,2018-12-28,21:43,26.74650401,94.22401743,Minor injury,2.0,1.0,Single carriageway,Fine no high winds,Darkness - lights lit,Assam,Jorhat
5474.0,2018-11-20,13:30,26.73548762,94.18741771,Minor injury,2.0,1.0,Single carriageway,Fine no high winds,Daylight,Assam,Jorhat
5475.0,2018-11-25,20:45,26.72879539,94.1873,Serious injury,2.0,1.0,Single carriageway,Fine no high winds,Darkness - lights lit,Assam,Jorhat
5476.0,2018-12-22,15:30,26.7225835,94.22005702,Minor injury,2.0,1.0,Single carriageway,Fine no high winds,Darkness - lights lit,Assam,Jorhat
5477.0,2018-12-09,10:33,26.73754092,94.22712622,Minor injury,2.0,1.0,Dual carriageway,Fine no high winds,Daylight,Assam,Jorhat
5478.0,2018-12-22,02:14,26.75589312,94.20138018,Minor injury,2.0,4.0,Single carriageway,Raining no high winds,Darkness - lights lit,Assam,Jorhat
5479.0,2018-12-27,20:15,26.72996484,94.17339195,Minor injury,4.0,1.0,Single carriageway,Fine no high winds,Darkness - lights lit,Assam,Jorhat
5480.0,2018-12-25,17:34,26.75759317,94.21155245,Minor injury,2.0,2.0,Single carriageway,Fine no high winds,Darkness - lights lit,Assam,Jorhat
5481.0,2018-12-14,13:50,26.76482072,94.22774888,Minor injury,2.0,1.0,Single carriageway,Fine no high winds,Daylight,Assam,Jorhat
5482.0,2018-12-10,20:21,26.75701742,94.20396472,Minor injury,2.0,1.0,Single carriageway,Fine no high winds,Darkness - lights lit,Assam,Jorhat
5483.0,2018-12-09,12:20,26.7302919,94.18324961,Minor injury,2.0,1.0,Single carriageway,Fine no high winds,Daylight,Assam,Jorhat
5484.0,2018-12-30,12:35,26.75517038,94.21951586,Minor injury,2.0,2.0,Single carriageway,Fine no high winds,Daylight,Assam,Jorhat
5485.0,2018-12-24,17:50,26.7691329,94.18282209,Minor injury,3.0,1.0,Single carriageway,Fine no high winds,Darkness - lights lit,Assam,Jorhat
5486.0,2018-12-17,21:45,26.71953682,94.22894855,Minor injury,2.0,1.0,Single carriageway,Fine no high winds,Darkness - lights lit,Assam,Jorhat
5487.0,2018-10-18,18:25,26.74644153,94.19310731,Minor injury,1.0,1.0,One way street,Fine no high winds,Darkness - lights lit,Assam,Jorhat
5488.0,2018-12-21,14:55,26.76348652,94.21770966,Minor injury,2.0,1.0,Single carriageway,Fine no high winds,Daylight,Assam,Jorhat
5489.0,2018-12-19,16:30,26.7592822,94.21422998,Minor injury,2.0,1.0,Single carriageway,Fine no high winds,Darkness - lights lit,Assam,Jorhat
5490.0,2018-12-27,12:00,26.74394831,94.20576599,Minor injury,2.0,1.0,Single carriageway,Fine no high winds,Daylight,Assam,Jorhat
5491.0,2018-11-05,16:15,26.76209233,94.17775382,Serious injury,1.0,1.0,Single carriageway,Fine no high winds,Daylight,Assam,Jorhat
5492.0,2018-12-09,10:24,26.74744041,94.17847203,Minor injury,1.0,1.0,Single carriageway,Fine no high winds,Daylight,Assam,Jorhat
5493.0,2018-11-04,02:54,26.76910112,94.22263933,Minor injury,2.0,1.0,Single carriageway,Fine no high winds,Darkness - lights lit,Assam,Jorhat
5494.0,2018-11-29,15:45,26.73147509,94.21455444,Minor injury,2.0,1.0,Single carriageway,Fine no high winds,Daylight,Assam,Jorhat
5495.0,2018-12-15,12:00,26.7377201,94.17850888,Minor injury,2.0,1.0,Single carriageway,Fine no high winds,Daylight,Assam,Jorhat
5496.0,2018-12-24,18:35,26.76105421,94.20511535,Serious injury,1.0,1.0,Single carriageway,Fine no high winds,Darkness - lights lit,Assam,Jorhat
5497.0,2018-12-15,14:11,26.75235128,94.22053693,Minor injury,2.0,1.0,Single carriageway,Fine no high winds,Daylight,Assam,Jorhat
5498.0,2018-12-12,09:10,26.75330553,94.1676126,Minor injury,1.0,1.0,Single carriageway,Fine no high winds,Daylight,Assam,Jorhat
5499.0,2018-12-01,03:40,26.76825624,94.18484373,Minor injury,2.0,1.0,Roundabout,Raining no high winds,Darkness - lights lit,Assam,Jorhat
5500.0,2018-12-05,13:15,26.75515296,94.18649647,Minor injury,2.0,1.0,Single carriageway,Fine no high winds,Daylight,Assam,Jorhat
5501.0,2018-10-31,20:30,26.72194719,94.18433817,Minor injury,2.0,1.0,Dual carriageway,Fine no high winds,Darkness - lighting unknown,Assam,Jorhat
5502.0,2018-12-08,09:00,26.7624951,94.21703052,Minor injury,1.0,1.0,Single carriageway,Raining no high winds,Daylight,Assam,Jorhat
5503.0,2018-12-04,12:30,26.72771231,94.22742007,Serious injury,1.0,1.0,One way street,Fine no high winds,Daylight,Assam,Jorhat
5504.0,2018-11-15,18:00,26.74769713,94.18300973,Minor injury,2.0,1.0,Single carriageway,Fine no high winds,Darkness - lights lit,Assam,Jorhat
5505.0,2018-11-16,16:40,26.7319401,94.17156275,Minor injury,1.0,1.0,Single carriageway,Fine no high winds,Darkness - lights lit,Assam,Jorhat
5506.0,2018-09-20,12:29,26.76292699,94.19539762,Minor injury,2.0,1.0,Single carriageway,Fine no high winds,Daylight,Assam,Jorhat
5507.0,2018-12-10,15:23,26.76068335,94.19699899,Minor injury,2.0,1.0,Single carriageway,Fine no high winds,Daylight,Assam,Jorhat
5508.0,2018-12-19,15:35,26.76960848,94.17044261,Minor injury,2.0,1.0,Single carriageway,Fine no high winds,Daylight,Assam,Jorhat
5509.0,2018-12-17,10:50,26.73900982,94.20555192,Minor injury,1.0,1.0,Single carriageway,Fine no high winds,Daylight,Assam,Jorhat
5510.0,2018-10-31,19:56,26.76358971,94.20588134,Minor injury,2.0,1.0,Single carriageway,Fine no high winds,Darkness - lights lit,Assam,Jorhat
5511.0,2018-01-05,19:15,26.72488653,94.20933213,Minor injury,2.0,1.0,Single carriageway,Fine no high winds,Darkness - lights lit,Assam,Jorhat
5512.0,2018-01-06,17:40,26.76100172,94.22257322,Minor injury,2.0,1.0,Single carriageway,Fine no high winds,Darkness - lights lit,Assam,Jorhat
5513.0,2018-01-06,08:36,26.7515805,94.20986521,Minor injury,1.0,2.0,Dual carriageway,Raining no high winds,Daylight,Assam,Jorhat
5514.0,2018-01-04,15:23,26.72321368,94.17371022,Minor injury,2.0,1.0,Single carriageway,Fine no high winds,Daylight,Assam,Jorhat
5515.0,2018-01-03,13:45,26.76256608,94.18127201,Minor injury,2.0,2.0,Single carriageway,Fine no high winds,Daylight,Assam,Jorhat
5516.0,2018-01-07,09:10,26.71883983,94.20127164,Minor injury,2.0,1.0,Single carriageway,Fine no high winds,Daylight,Assam,Jorhat
5517.0,2018-01-05,23:20,26.73992406,94.21034663,Serious injury,1.0,1.0,Single carriageway,Fine no high winds,Darkness - lights lit,Assam,Jorhat
5518.0,2018-01-11,21:40,26.73211981,94.17249997,Serious injury,2.0,1.0,Single carriageway,Fine no high winds,Darkness - lights lit,Assam,Jorhat
5519.0,2018-01-15,11:04,26.72557846,94.21255264,Minor injury,2.0,2.0,Single carriageway,Fine no high winds,Daylight,Assam,Jorhat
5520.0,2018-01-10,17:15,26.73416752,94.17989783,Minor injury,2.0,1.0,Single carriageway,Raining no high winds,Darkness - lights lit,Assam,Jorhat
5521.0,2018-01-10,22:12,26.72774682,94.17334871,Minor injury,2.0,2.0,Single carriageway,Fine no high winds,Darkness - lights lit,Assam,Jorhat
5522.0,2018-01-12,11:45,26.72920857,94.22380392,Minor injury,1.0,1.0,One way street,Fine no high winds,Daylight,Assam,Jorhat
5523.0,2018-02-06,11:00,26.7539644,94.17473026,Minor injury,2.0,1.0,Single carriageway,Fine no high winds,Daylight,Assam,Jorhat
5524.0,2018-01-11,03:27,26.76333422,94.19777274,Minor injury,2.0,3.0,Single carriageway,Fine no high winds,Darkness - lights lit,Assam,Jorhat
5525.0,2018-01-18,12:50,26.74583632,94.20377675,Minor injury,1.0,1.0,Single carriageway,Fine no high winds,Daylight,Assam,Jorhat
5526.0,2018-01-11,08:25,26.76619491,94.1930614,Minor injury,1.0,1.0,Single carriageway,Fine no high winds,Daylight,Assam,Jorhat
5527.0,2018-01-13,08:14,26.72605243,94.19386877,Minor injury,2.0,1.0,Single carriageway,Fine no high winds,Daylight,Assam,Jorhat
5528.0,2018-01-10,23:00,26.7666261,94.19893976,Minor injury,2.0,1.0,Single carriageway,Fine no high winds,Darkness - lights lit,Assam,Jorhat
5529.0,2018-01-13,12:55,26.73579841,94.19867913,Minor injury,2.0,1.0,Single carriageway,Fine no high winds,Daylight,Assam,Jorhat
5530.0,2018-01-14,17:26,26.76206626,94.18595352,Minor injury,2.0,1.0,Single carriageway,Fine no high winds,Darkness - lights lit,Assam,Jorhat
5531.0,2018-01-26,13:25,26.74386525,94.19201435,Minor injury,2.0,1.0,Single carriageway,Fine no high winds,Daylight,Assam,Jorhat
5532.0,2018-01-30,13:40,26.76243659,94.17542893,Minor injury,2.0,1.0,Single carriageway,Fine no high winds,Daylight,Assam,Jorhat
5533.0,2018-01-24,16:41,26.7635769,94.18534959,Minor injury,1.0,1.0,Single carriageway,Fine no high winds,Daylight,Assam,Jorhat
5534.0,2018-01-09,16:10,26.7177983,94.20777315,Minor injury,2.0,3.0,Single carriageway,Fine no high winds,Darkness - lights lit,Assam,Jorhat
5535.0,2018-01-16,00:45,26.75896954,94.22258477,Minor injury,1.0,1.0,Single carriageway,Fine no high winds,Darkness - lights lit,Assam,Jorhat
5536.0,2018-01-16,21:20,26.75916931,94.2227631,Minor injury,2.0,1.0,Single carriageway,Fine no high winds,Darkness - lights lit,Assam,Jorhat
5537.0,2018-01-16,11:50,26.76517734,94.19032582,Minor injury,1.0,1.0,Single carriageway,Fine no high winds,Daylight,Assam,Jorhat
5538.0,2018-01-17,12:25,26.72930423,94.19085817,Minor injury,2.0,1.0,Single carriageway,Fine no high winds,Daylight,Assam,Jorhat
5539.0,2018-01-17,07:05,26.72599422,94.21340061,Minor injury,1.0,1.0,Dual carriageway,Fine no high winds,Darkness - lights lit,Assam,Jorhat
5540.0,2018-01-18,18:52,26.76373849,94.18644696,Minor injury,2.0,1.0,Single carriageway,Fine no high winds,Darkness - lights lit,Assam,Jorhat
5541.0,2018-01-19,13:06,26.72706021,94.2025444,Minor injury,1.0,1.0,Dual carriageway,Fine no high winds,Daylight,Assam,Jorhat
5542.0,2018-01-22,23:50,26.76157542,94.17526581,Minor injury,2.0,1.0,Single carriageway,Fine no high winds,Darkness - lights lit,Assam,Jorhat
5543.0,2018-01-22,23:25,26.75633115,94.23078223,Minor injury,1.0,1.0,Single carriageway,Other,Darkness - lights lit,Assam,Jorhat
5544.0,2018-01-22,07:15,26.74052511,94.20772431,Minor injury,2.0,2.0,Dual carriageway,Fine no high winds,Daylight,Assam,Jorhat
5545.0,2018-01-23,22:37,26.76843439,94.18080764,Minor injury,1.0,1.0,Dual carriageway,Fine no high winds,Darkness - lights lit,Assam,Jorhat
5546.0,2018-01-23,23:10,26.72114514,94.22840886,Minor injury,2.0,2.0,Single carriageway,Fine no high winds,Darkness - lights lit,Assam,Jorhat
5547.0,2018-01-25,08:50,26.73591862,94.16729296,Minor injury,2.0,1.0,Dual carriageway,Fine no high winds,Daylight,Assam,Jorhat
5548.0,2018-01-25,10:00,26.73435998,94.20596165,Minor injury,2.0,1.0,Dual carriageway,Fine no high winds,Daylight,Assam,Jorhat
5549.0,2018-01-26,18:30,26.72728345,94.18710269,Minor injury,2.0,1.0,Single carriageway,Fine no high winds,Darkness - lights lit,Assam,Jorhat
5550.0,2018-01-27,00:42,26.7397762,94.18150916,Minor injury,2.0,1.0,Dual carriageway,Raining no high winds,Darkness - lights lit,Assam,Jorhat
5551.0,2018-01-27,18:55,26.76189351,94.17587499,Serious injury,2.0,1.0,Single carriageway,Raining no high winds,Darkness - lights lit,Assam,Jorhat
5552.0,2018-01-30,10:00,26.73652446,94.16966998,Minor injury,3.0,1.0,Dual carriageway,Fine no high winds,Daylight,Assam,Jorhat
5553.0,2018-01-31,11:00,26.72459161,94.22686329,Minor injury,2.0,1.0,Dual carriageway,Fine no high winds,Daylight,Assam,Jorhat
5554.0,2018-02-01,02:57,26.71990255,94.19746113,Minor injury,1.0,1.0,Single carriageway,Raining no high winds,Darkness - lights lit,Assam,Jorhat
5555.0,2018-01-15,17:55,26.72722273,94.17003904,Minor injury,2.0,1.0,Single carriageway,Fine no high winds,Darkness - lights lit,Assam,Jorhat
5556.0,2018-01-20,08:55,26.76882133,94.20774333,Minor injury,2.0,1.0,Single carriageway,Other,Daylight,Assam,Jorhat
5557.0,2018-01-20,06:00,26.76382297,94.22338343,Minor injury,2.0,1.0,Dual carriageway,Other,Darkness - lights lit,Assam,Jorhat
5558.0,2018-01-29,14:37,26.75244283,94.18922465,Minor injury,2.0,1.0,Single carriageway,Fine no high winds,Daylight,Assam,Jorhat
5559.0,2018-01-29,11:15,26.74047343,94.22855638,Minor injury,2.0,2.0,Single carriageway,Fine no high winds,Daylight,Assam,Jorhat
5560.0,2018-01-21,01:30,26.75214475,94.21288745,Minor injury,1.0,1.0,Single carriageway,Fine no high winds,Darkness - lights lit,Assam,Jorhat
5561.0,2018-01-21,15:09,26.73006301,94.17458381,Minor injury,1.0,1.0,Dual carriageway,Fine no high winds,Daylight,Assam,Jorhat
5562.0,2018-01-21,23:15,26.74482498,94.18725068,Minor injury,1.0,1.0,Single carriageway,Fine no high winds,Darkness - lights lit,Assam,Jorhat
5563.0,2018-01-12,20:15,26.73375182,94.20955305,Serious injury,1.0,1.0,Dual carriageway,Fine no high winds,Darkness - lights lit,Assam,Jorhat
5564.0,2018-01-19,22:01,26.72317403,94.22356704,Minor injury,2.0,1.0,Dual carriageway,Fine no high winds,Darkness - lights lit,Assam,Jorhat
5565.0,2018-01-19,21:15,26.7238975,94.19409643,Minor injury,3.0,2.0,Single carriageway,Fine no high winds,Darkness - lights lit,Assam,Jorhat
5566.0,2018-01-20,08:55,26.73912248,94.20933595,Minor injury,1.0,1.0,Dual carriageway,Fine no high winds,Daylight,Assam,Jorhat
5567.0,2018-01-21,14:47,26.72440803,94.19868204,Minor injury,1.0,1.0,Dual carriageway,Fine no high winds,Daylight,Assam,Jorhat
5568.0,2018-01-28,13:53,26.71873458,94.16857123,Minor injury,1.0,1.0,Single carriageway,Raining no high winds,Daylight,Assam,Jorhat
5569.0,2018-01-31,11:00,26.72165011,94.16847337,Minor injury,2.0,1.0,Dual carriageway,Fine no high winds,Daylight,Assam,Jorhat
5570.0,2018-01-31,06:25,26.74376585,94.18804961,Serious injury,2.0,1.0,Single carriageway,Fine no high winds,Daylight,Assam,Jorhat
5571.0,2018-01-27,08:30,26.72051093,94.1977359,Minor injury,2.0,1.0,Dual carriageway,Fine no high winds,Daylight,Assam,Jorhat
5572.0,2018-01-26,14:15,26.74957997,94.18687985,Minor injury,2.0,1.0,Dual carriageway,Fine no high winds,Daylight,Assam,Jorhat
5573.0,2018-02-02,07:46,26.74209832,94.18740165,Serious injury,2.0,1.0,Single carriageway,Fine no high winds,Daylight,Assam,Jorhat
5574.0,2018-02-07,07:30,26.73487772,94.22837715,Minor injury,2.0,1.0,Single carriageway,Fine no high winds,Darkness - lights lit,Assam,Jorhat
5575.0,2018-02-04,21:35,26.7678366,94.1675316,Serious injury,2.0,7.0,Dual carriageway,Fine no high winds,Darkness - lights lit,Assam,Jorhat
5576.0,2018-02-07,17:10,26.74761403,94.19499565,Minor injury,2.0,1.0,Dual carriageway,Fine no high winds,Darkness - lights lit,Assam,Jorhat
5577.0,2018-02-12,15:15,26.74488605,94.19896479,Minor injury,2.0,2.0,Single carriageway,Fine no high winds,Daylight,Assam,Jorhat
5578.0,2018-02-15,18:35,26.72626328,94.17187031,Minor injury,2.0,1.0,Dual carriageway,Fine no high winds,Darkness - lights lit,Assam,Jorhat
5579.0,2018-02-02,00:11,26.71875728,94.20782109,Serious injury,1.0,2.0,Single carriageway,Fine no high winds,Darkness - lights lit,Assam,Jorhat
5580.0,2018-02-07,16:30,26.72637516,94.1691553,Minor injury,2.0,2.0,Single carriageway,Fine no high winds,Darkness - lights lit,Assam,Jorhat
5581.0,2018-02-18,13:00,26.72839138,94.18961756,Minor injury,2.0,1.0,Single carriageway,Fine no high winds,Daylight,Assam,Jorhat
5582.0,2018-02-09,20:00,26.74540551,94.22712614,Minor injury,2.0,1.0,Single carriageway,Fine no high winds,Darkness - lights lit,Assam,Jorhat
5583.0,2018-02-07,18:05,26.7213637,94.17275982,Minor injury,2.0,1.0,Single carriageway,Fine no high winds,Darkness - lights lit,Assam,Jorhat
5584.0,2018-02-10,16:50,26.73426649,94.19792722,Minor injury,1.0,1.0,Single carriageway,Raining no high winds,Darkness - lights lit,Assam,Jorhat
5585.0,2018-02-09,15:25,26.74395643,94.20865234,Minor injury,3.0,1.0,Single carriageway,Fine no high winds,Daylight,Assam,Jorhat
5586.0,2018-02-14,16:51,26.73742145,94.18680823,Serious injury,1.0,1.0,Single carriageway,Fine no high winds,Daylight,Assam,Jorhat
5587.0,2018-02-16,09:09,26.75686605,94.19904675,Minor injury,2.0,1.0,Single carriageway,Fine no high winds,Daylight,Assam,Jorhat
5588.0,2018-02-17,07:20,26.74007766,94.20009366,Minor injury,1.0,1.0,Dual carriageway,Fine no high winds,Daylight,Assam,Jorhat
5589.0,2018-02-17,17:48,26.74202767,94.17235569,Minor injury,1.0,1.0,Single carriageway,Raining no high winds,Darkness - lights lit,Assam,Jorhat
5590.0,2018-02-19,14:15,26.7186569,94.17160834,Minor injury,2.0,1.0,Single carriageway,Fine no high winds,Daylight,Assam,Jorhat
5591.0,2018-02-20,12:02,26.73770221,94.17643453,Minor injury,2.0,1.0,Dual carriageway,Fine no high winds,Daylight,Assam,Jorhat
5592.0,2018-02-22,23:45,26.72802153,94.19785342,Minor injury,2.0,1.0,Single carriageway,Raining no high winds,Darkness - lights lit,Assam,Jorhat
5593.0,2018-02-22,17:15,26.74246912,94.23056362,Minor injury,2.0,1.0,Single carriageway,Fine no high winds,Darkness - lights lit,Assam,Jorhat
5594.0,2018-01-28,12:35,26.7433742,94.18196823,Minor injury,1.0,1.0,Single carriageway,Raining no high winds,Daylight,Assam,Jorhat
5595.0,2018-02-25,09:15,26.73096263,94.22424764,Minor injury,2.0,2.0,Single carriageway,Snowing no high winds,Daylight,Assam,Jorhat
5596.0,2018-02-25,11:58,26.7438915,94.19006572,Minor injury,2.0,1.0,Dual carriageway,Raining no high winds,Daylight,Assam,Jorhat
5597.0,2018-02-21,16:20,26.74060921,94.20859312,Minor injury,2.0,1.0,Single carriageway,Fine no high winds,Daylight,Assam,Jorhat
5598.0,2018-02-25,19:30,26.76627206,94.17179502,Minor injury,2.0,1.0,Single carriageway,Fine no high winds,Darkness - lights lit,Assam,Jorhat
5599.0,2018-02-07,09:35,26.72800882,94.21208953,Minor injury,2.0,1.0,Single carriageway,Fine no high winds,Daylight,Assam,Jorhat
5600.0,2018-02-08,13:50,26.73531813,94.21361546,Minor injury,1.0,1.0,Single carriageway,Fine no high winds,Daylight,Assam,Jorhat
5601.0,2018-02-15,17:19,26.74634352,94.19005252,Minor injury,2.0,1.0,Single carriageway,Fine no high winds,Daylight,Assam,Jorhat
5602.0,2018-02-16,15:15,26.75264989,94.2216803,Minor injury,2.0,1.0,Single carriageway,Fine no high winds,Daylight,Assam,Jorhat
5603.0,2018-02-22,07:20,26.73044009,94.2223578,Serious injury,1.0,1.0,Dual carriageway,Fine no high winds,Daylight,Assam,Jorhat
5604.0,2018-02-21,10:55,26.73250294,94.22895166,Minor injury,1.0,1.0,Dual carriageway,Fine no high winds,Daylight,Assam,Jorhat
5605.0,2018-02-23,12:10,26.73571986,94.1808305,Minor injury,2.0,1.0,One way street,Snowing no high winds,Daylight,Assam,Jorhat
5606.0,2018-02-25,19:40,26.74329,94.20570888,Minor injury,2.0,1.0,Single carriageway,Fine no high winds,Darkness - lights lit,Assam,Jorhat
5607.0,2018-02-23,18:10,26.73144336,94.21550285,Minor injury,2.0,1.0,Roundabout,Snowing no high winds,Darkness - lights lit,Assam,Jorhat
5608.0,2018-02-27,13:32,26.7584019,94.17969636,Minor injury,2.0,1.0,Single carriageway,Fine no high winds,Daylight,Assam,Jorhat
5609.0,2018-03-04,19:40,26.74256685,94.18769753,Serious injury,1.0,1.0,Single carriageway,Fine no high winds,Darkness - lights lit,Assam,Jorhat
5610.0,2018-02-06,12:33,26.72236247,94.17310334,Serious injury,1.0,1.0,Dual carriageway,Fine no high winds,Daylight,Assam,Jorhat
5611.0,2018-03-02,16:22,26.72874656,94.19785415,Minor injury,1.0,1.0,Single carriageway,Snowing no high winds,Darkness - lights lit,Assam,Jorhat
5612.0,2018-02-09,08:50,26.74817701,94.18018177,Minor injury,1.0,1.0,Single carriageway,Raining no high winds,Daylight,Assam,Jorhat
5613.0,2018-02-13,12:15,26.767524,94.17127414,Minor injury,2.0,2.0,Single carriageway,Fine no high winds,Daylight,Assam,Jorhat
5614.0,2018-03-03,20:00,26.76177098,94.17073468,Minor injury,2.0,1.0,Dual carriageway,Fine no high winds,Darkness - lights lit,Assam,Jorhat
5615.0,2018-02-25,16:10,26.74308018,94.19874454,Minor injury,2.0,1.0,Dual carriageway,Fine no high winds,Daylight,Assam,Jorhat
5616.0,2018-02-28,19:21,26.74843197,94.18984286,Minor injury,2.0,1.0,Single carriageway,Snowing no high winds,Darkness - lights lit,Assam,Jorhat
5617.0,2018-02-28,11:47,26.74965988,94.17183053,Minor injury,1.0,2.0,Single carriageway,Fine no high winds,Daylight,Assam,Jorhat
5618.0,2018-03-01,10:24,26.76454897,94.2249822,Minor injury,2.0,1.0,Single carriageway,Fine no high winds,Daylight,Assam,Jorhat
5619.0,2018-02-15,07:45,26.76149084,94.16790894,Minor injury,2.0,1.0,Single carriageway,Fine no high winds,Daylight,Assam,Jorhat
5620.0,2018-03-06,03:10,26.73033995,94.17335981,Minor injury,2.0,1.0,Single carriageway,Fine no high winds,Darkness - lights lit,Assam,Jorhat
5621.0,2018-02-12,23:59,26.74484973,94.19169222,Serious injury,2.0,1.0,Dual carriageway,Fine no high winds,Darkness - lights lit,Assam,Jorhat
5622.0,2018-03-13,13:30,26.74942499,94.22438638,Minor injury,3.0,1.0,Dual carriageway,Fine no high winds,Daylight,Assam,Jorhat
5623.0,2018-02-19,16:45,26.71843077,94.19612123,Minor injury,2.0,2.0,Single carriageway,Fine no high winds,Daylight,Assam,Jorhat
5624.0,2018-02-23,08:40,26.75354289,94.19166162,Minor injury,2.0,1.0,Dual carriageway,Snowing no high winds,Daylight,Assam,Jorhat
5625.0,2018-02-25,15:06,26.72281972,94.18870073,Minor injury,1.0,1.0,Dual carriageway,Fine no high winds,Daylight,Assam,Jorhat
5626.0,2018-03-02,02:20,26.73134124,94.20786364,Serious injury,1.0,1.0,Single carriageway,Fine no high winds,Darkness - lights lit,Assam,Jorhat
5627.0,2018-03-07,20:35,26.76789125,94.20993195,Minor injury,2.0,1.0,Dual carriageway,Fine no high winds,Darkness - lights lit,Assam,Jorhat
5628.0,2018-03-06,04:36,26.76213959,94.17200616,Minor injury,2.0,1.0,Dual carriageway,Fine no high winds,Darkness - lights lit,Assam,Jorhat
5629.0,2018-03-07,09:40,26.76699319,94.18777671,Minor injury,2.0,2.0,Single carriageway,Fine no high winds,Daylight,Assam,Jorhat
5630.0,2018-03-07,20:35,26.74634084,94.20940485,Minor injury,3.0,2.0,Single carriageway,Raining no high winds,Daylight,Assam,Jorhat
5631.0,2018-03-10,23:55,26.73307942,94.18752271,Serious injury,2.0,1.0,Single carriageway,Fine no high winds,Darkness - lights lit,Assam,Jorhat
5632.0,2018-03-12,17:00,26.75701084,94.17796599,Serious injury,1.0,1.0,Single carriageway,Fine no high winds,Darkness - lights lit,Assam,Jorhat
5633.0,2018-03-14,20:45,26.75395666,94.20726832,Minor injury,2.0,1.0,Single carriageway,Fine no high winds,Darkness - lights lit,Assam,Jorhat
5634.0,2018-02-26,01:35,26.76335566,94.18851977,Minor injury,2.0,1.0,Single carriageway,Snowing no high winds,Darkness - lights lit,Assam,Jorhat
5635.0,2018-03-01,22:25,26.75415159,94.17945774,Serious injury,2.0,1.0,Dual carriageway,Raining no high winds,Darkness - lights lit,Assam,Jorhat
5636.0,2018-03-03,15:36,26.76297124,94.17660978,Minor injury,1.0,1.0,Single carriageway,Fine no high winds,Daylight,Assam,Jorhat
5637.0,2018-03-04,10:02,26.769237,94.18936673,Minor injury,1.0,1.0,Dual carriageway,Snowing no high winds,Daylight,Assam,Jorhat
5638.0,2018-03-04,15:24,26.73962513,94.17143023,Minor injury,2.0,1.0,Single carriageway,Raining no high winds,Daylight,Assam,Jorhat
5639.0,2018-03-07,09:25,26.76564067,94.1736791,Minor injury,1.0,1.0,Single carriageway,Fine no high winds,Daylight,Assam,Jorhat
5640.0,2018-03-09,21:30,26.74526536,94.18553557,Minor injury,1.0,1.0,Single carriageway,Fine no high winds,Darkness - lights lit,Assam,Jorhat
5641.0,2018-03-09,18:59,26.76778238,94.22184019,Minor injury,2.0,1.0,Single carriageway,Fine no high winds,Daylight,Assam,Jorhat
5642.0,2018-03-09,06:46,26.72076584,94.21431782,Minor injury,2.0,1.0,Single carriageway,Fine no high winds,Darkness - lights lit,Assam,Jorhat
5643.0,2018-03-09,08:16,26.73711451,94.19605345,Minor injury,2.0,1.0,One way street,Fine no high winds,Daylight,Assam,Jorhat
5644.0,2018-03-10,22:24,26.72171513,94.17631921,Serious injury,1.0,1.0,Single carriageway,Fine no high winds,Darkness - lights lit,Assam,Jorhat
5645.0,2018-03-12,18:55,26.75208287,94.21330048,Serious injury,1.0,1.0,Single carriageway,Fine no high winds,Darkness - lights lit,Assam,Jorhat
5646.0,2018-03-13,00:02,26.72894146,94.22958134,Minor injury,2.0,1.0,Single carriageway,Fine no high winds,Darkness - lights lit,Assam,Jorhat
5647.0,2018-03-13,13:53,26.75254214,94.17610009,Minor injury,2.0,1.0,Dual carriageway,Fine no high winds,Daylight,Assam,Jorhat
5648.0,2018-03-13,15:45,26.71751504,94.18406942,Minor injury,1.0,1.0,Single carriageway,Fine no high winds,Daylight,Assam,Jorhat
5649.0,2018-03-15,17:50,26.72792636,94.16885276,Minor injury,1.0,1.0,Single carriageway,Fine no high winds,Darkness - lighting unknown,Assam,Jorhat
5650.0,2018-02-27,11:45,26.76524792,94.19761697,Minor injury,2.0,1.0,Single carriageway,Fine no high winds,Daylight,Assam,Jorhat
5651.0,2018-03-06,21:50,26.76204306,94.20267752,Minor injury,2.0,1.0,Single carriageway,Fine no high winds,Darkness - lights lit,Assam,Jorhat
5652.0,2018-03-20,23:15,26.72919603,94.2249579,Minor injury,2.0,1.0,Roundabout,Fine no high winds,Darkness - lights lit,Assam,Jorhat
5653.0,2018-03-16,18:25,26.76612463,94.1910093,Serious injury,2.0,1.0,One way street,Raining no high winds,Darkness - lights lit,Assam,Jorhat
5654.0,2018-03-15,08:40,26.73357105,94.20225409,Serious injury,2.0,1.0,Dual carriageway,Fine no high winds,Daylight,Assam,Jorhat
5655.0,2018-03-16,11:41,26.75344069,94.22656635,Minor injury,4.0,2.0,Single carriageway,Fine no high winds,Daylight,Assam,Jorhat
5656.0,2018-03-13,13:45,26.74943842,94.17720029,Minor injury,4.0,1.0,Dual carriageway,Fine no high winds,Daylight,Assam,Jorhat
5657.0,2018-03-17,21:05,26.74342026,94.17999225,Serious injury,2.0,1.0,Single carriageway,Fine no high winds,Darkness - lights lit,Assam,Jorhat
5658.0,2018-03-17,18:30,26.7242733,94.21824488,Minor injury,1.0,1.0,Single carriageway,Fine no high winds,Darkness - no lighting,Assam,Jorhat
5659.0,2018-03-18,17:24,26.72022782,94.21017355,Minor injury,1.0,1.0,Slip road,Fine no high winds,Daylight,Assam,Jorhat
5660.0,2018-03-10,16:12,26.72108759,94.16968518,Minor injury,1.0,1.0,One way street,Fine no high winds,Daylight,Assam,Jorhat
5661.0,2018-03-19,22:46,26.73424657,94.22602961,Minor injury,4.0,1.0,Dual carriageway,Fine no high winds,Darkness - lights lit,Assam,Jorhat
5662.0,2018-03-23,00:13,26.74908377,94.18119045,Minor injury,1.0,1.0,Single carriageway,Fine no high winds,Darkness - lights lit,Assam,Jorhat
5663.0,2018-02-11,20:00,26.72607551,94.21916505,Minor injury,2.0,1.0,Single carriageway,Fine no high winds,Daylight,Assam,Jorhat
5664.0,2018-03-02,18:20,26.74692648,94.21276247,Minor injury,2.0,1.0,Single carriageway,Fine no high winds,Darkness - lights lit,Assam,Jorhat
5665.0,2018-03-15,12:50,26.75276428,94.1685806,Minor injury,1.0,1.0,Single carriageway,Fine no high winds,Daylight,Assam,Jorhat
5666.0,2018-03-16,12:15,26.74090006,94.17074658,Minor injury,2.0,1.0,Dual carriageway,Fine no high winds,Daylight,Assam,Jorhat
5667.0,2018-03-24,08:11,26.76152396,94.19634556,Minor injury,1.0,1.0,Dual carriageway,Raining no high winds,Daylight,Assam,Jorhat
5668.0,2018-03-20,11:22,26.73572922,94.21012677,Minor injury,2.0,1.0,Single carriageway,Fine no high winds,Daylight,Assam,Jorhat
5669.0,2018-03-21,21:09,26.76660951,94.18049294,Minor injury,1.0,1.0,Single carriageway,Fine no high winds,Darkness - lights lit,Assam,Jorhat
5670.0,2018-03-22,19:00,26.76440492,94.16996367,Minor injury,2.0,1.0,Single carriageway,Fine no high winds,Darkness - lights lit,Assam,Jorhat
5671.0,2018-03-23,15:50,26.7298668,94.20076107,Minor injury,2.0,1.0,Dual carriageway,Fine no high winds,Daylight,Assam,Jorhat
5672.0,2018-03-18,20:25,26.73317263,94.21335546,Minor injury,2.0,1.0,Single carriageway,Fine no high winds,Darkness - lights lit,Assam,Jorhat
5673.0,2018-03-23,14:22,26.76762846,94.2081239,Minor injury,2.0,1.0,Single carriageway,Fine no high winds,Daylight,Assam,Jorhat
5674.0,2018-03-24,16:10,26.76940897,94.22460618,Minor injury,1.0,1.0,Single carriageway,Fine no high winds,Daylight,Assam,Jorhat
5675.0,2018-03-24,14:20,26.73965085,94.21162175,Minor injury,1.0,1.0,Single carriageway,Fine no high winds,Daylight,Assam,Jorhat
5676.0,2018-03-31,15:07,26.76484885,94.18609846,Minor injury,1.0,1.0,Single carriageway,Fine no high winds,Daylight,Assam,Jorhat
5677.0,2018-03-26,21:30,26.74953069,94.18125432,Minor injury,2.0,1.0,Single carriageway,Raining no high winds,Darkness - lights lit,Assam,Jorhat
5678.0,2018-03-26,14:30,26.76864896,94.19206726,Minor injury,1.0,1.0,Single carriageway,Fine no high winds,Daylight,Assam,Jorhat
5679.0,2018-03-28,10:39,26.76772357,94.17332888,Minor injury,2.0,1.0,One way street,Fine no high winds,Daylight,Assam,Jorhat
5680.0,2018-03-28,17:35,26.73022793,94.20672044,Serious injury,1.0,1.0,Slip road,Fine no high winds,Daylight,Assam,Jorhat
5681.0,2018-03-21,15:15,26.72583097,94.21581609,Minor injury,1.0,1.0,Single carriageway,Fine no high winds,Daylight,Assam,Jorhat
5682.0,2018-03-30,15:20,26.73884476,94.22005717,Minor injury,2.0,1.0,Single carriageway,Fine no high winds,Daylight,Assam,Jorhat
5683.0,2018-02-09,16:29,26.76733078,94.17125583,Minor injury,1.0,1.0,Single carriageway,Fine no high winds,Daylight,Assam,Jorhat
5684.0,2018-03-17,13:40,26.76840953,94.226107,Minor injury,2.0,1.0,Single carriageway,Fine no high winds,Daylight,Assam,Jorhat
5685.0,2018-04-01,12:20,26.76445617,94.17469315,Minor injury,2.0,1.0,Single carriageway,Fine no high winds,Daylight,Assam,Jorhat
5686.0,2018-04-02,12:20,26.73962211,94.22566986,Minor injury,1.0,1.0,Single carriageway,Fine no high winds,Daylight,Assam,Jorhat
5687.0,2018-04-03,04:00,26.76890933,94.21224857,Minor injury,3.0,2.0,Dual carriageway,Fine no high winds,Darkness - lights lit,Assam,Jorhat
5688.0,2018-04-03,12:05,26.74154341,94.21892201,Minor injury,2.0,1.0,Dual carriageway,Fine no high winds,Daylight,Assam,Jorhat
5689.0,2018-03-22,18:45,26.7425673,94.17123002,Minor injury,2.0,1.0,Single carriageway,Fine no high winds,Darkness - lights lit,Assam,Jorhat
5690.0,2018-03-31,11:30,26.76129613,94.20264842,Minor injury,2.0,1.0,Single carriageway,Fine no high winds,Daylight,Assam,Jorhat
5691.0,2018-03-19,10:29,26.74161271,94.19543614,Minor injury,1.0,1.0,Single carriageway,Fine no high winds,Daylight,Assam,Jorhat
5692.0,2018-03-25,15:59,26.76665373,94.17759869,Minor injury,1.0,1.0,Single carriageway,Fine no high winds,Daylight,Assam,Jorhat
5693.0,2018-03-31,15:20,26.75787986,94.19872291,Serious injury,2.0,1.0,Single carriageway,Fine no high winds,Daylight,Assam,Jorhat
5694.0,2018-03-31,09:40,26.73561353,94.18317042,Minor injury,2.0,1.0,Dual carriageway,Fine no high winds,Daylight,Assam,Jorhat
5695.0,2018-04-01,15:45,26.73719163,94.19798961,Minor injury,2.0,1.0,Single carriageway,Fine + high winds,Daylight,Assam,Jorhat
5696.0,2018-04-03,18:00,26.74554583,94.17469853,Minor injury,3.0,1.0,Single carriageway,Fine no high winds,Daylight,Assam,Jorhat
5697.0,2018-04-03,10:15,26.74978969,94.20971092,Minor injury,1.0,1.0,Single carriageway,Fine no high winds,Daylight,Assam,Jorhat
5698.0,2018-04-03,11:30,26.76602246,94.17448216,Minor injury,2.0,1.0,Slip road,Fine no high winds,Daylight,Assam,Jorhat
5699.0,2018-04-03,15:34,26.72110429,94.18685675,Minor injury,2.0,2.0,Dual carriageway,Fine no high winds,Daylight,Assam,Jorhat
5700.0,2018-04-05,19:22,26.73299312,94.19172362,Minor injury,2.0,1.0,Single carriageway,Fine no high winds,Daylight,Assam,Jorhat
5701.0,2018-04-05,09:09,26.72125364,94.20485533,Minor injury,1.0,1.0,Dual carriageway,Fine no high winds,Daylight,Assam,Jorhat
5702.0,2018-04-06,11:34,26.75811827,94.22586848,Minor injury,1.0,1.0,Single carriageway,Fine no high winds,Daylight,Assam,Jorhat
5703.0,2018-04-08,17:28,26.73704514,94.1828817,Minor injury,2.0,1.0,Single carriageway,Fine no high winds,Daylight,Assam,Jorhat
5704.0,2018-04-08,15:35,26.72053695,94.18938236,Minor injury,2.0,1.0,Single carriageway,Fine no high winds,Daylight,Assam,Jorhat
5705.0,2018-04-08,08:56,26.76200788,94.16780582,Minor injury,2.0,1.0,Single carriageway,Raining no high winds,Daylight,Assam,Jorhat
5706.0,2018-04-08,18:50,26.73244028,94.17378626,Minor injury,2.0,1.0,Single carriageway,Raining no high winds,Daylight,Assam,Jorhat
5707.0,2018-04-08,18:00,26.74995218,94.18077654,Minor injury,1.0,1.0,Single carriageway,Raining no high winds,Daylight,Assam,Jorhat
5708.0,2018-04-11,16:25,26.73697077,94.22449791,Minor injury,2.0,1.0,Single carriageway,Fine no high winds,Daylight,Assam,Jorhat
5709.0,2018-04-05,19:05,26.74089945,94.17889706,Minor injury,2.0,1.0,Single carriageway,Fine no high winds,Darkness - lights lit,Assam,Jorhat
5710.0,2018-04-07,16:10,26.74728912,94.17348071,Minor injury,1.0,1.0,Single carriageway,Raining no high winds,Daylight,Assam,Jorhat
5711.0,2018-04-12,07:50,26.74850817,94.17174112,Minor injury,2.0,1.0,Single carriageway,Fine no high winds,Daylight,Assam,Jorhat
5712.0,2018-04-09,21:14,26.74840537,94.22195262,Minor injury,2.0,4.0,Single carriageway,Fine no high winds,Darkness - lights lit,Assam,Jorhat
5713.0,2018-04-12,15:17,26.75689068,94.18485331,Minor injury,1.0,1.0,Single carriageway,Fine no high winds,Daylight,Assam,Jorhat
5714.0,2018-04-13,16:24,26.73834272,94.22676876,Minor injury,2.0,2.0,Single carriageway,Fine no high winds,Daylight,Assam,Jorhat
5715.0,2018-03-01,16:30,26.75918204,94.18377106,Minor injury,2.0,1.0,Dual carriageway,Unknown,Daylight,Assam,Jorhat
5716.0,2018-04-06,08:48,26.75136672,94.18041091,Minor injury,2.0,1.0,Single carriageway,Raining no high winds,Daylight,Assam,Jorhat
5717.0,2018-04-14,14:30,26.74257626,94.22696489,Minor injury,1.0,1.0,Dual carriageway,Raining no high winds,Daylight,Assam,Jorhat
5718.0,2018-04-14,08:52,26.75416175,94.22463947,Minor injury,1.0,1.0,Single carriageway,Fine no high winds,Daylight,Assam,Jorhat
5719.0,2018-04-15,06:20,26.74366451,94.18322507,Minor injury,2.0,2.0,Dual carriageway,Fine no high winds,Daylight,Assam,Jorhat
5720.0,2018-04-16,23:24,26.74544607,94.22364442,Minor injury,1.0,1.0,Dual carriageway,Fine no high winds,Darkness - lights lit,Assam,Jorhat
5721.0,2018-04-17,18:40,26.75781003,94.20300714,Minor injury,2.0,1.0,Dual carriageway,Raining no high winds,Daylight,Assam,Jorhat
5722.0,2018-04-24,14:40,26.76191524,94.22581916,Minor injury,2.0,1.0,Single carriageway,Fine no high winds,Daylight,Assam,Jorhat
5723.0,2018-04-26,08:48,26.74433595,94.17736957,Minor injury,2.0,1.0,Single carriageway,Fine no high winds,Daylight,Assam,Jorhat
5724.0,2018-04-11,09:05,26.73334222,94.17617554,Minor injury,1.0,1.0,Single carriageway,Fine no high winds,Daylight,Assam,Jorhat
5725.0,2018-04-13,19:05,26.74265668,94.17139225,Minor injury,2.0,1.0,Roundabout,Fine no high winds,Daylight,Assam,Jorhat
5726.0,2018-04-13,12:45,26.73776862,94.18750863,Minor injury,2.0,2.0,Dual carriageway,Fine no high winds,Daylight,Assam,Jorhat
5727.0,2018-04-18,15:15,26.76521771,94.20715826,Serious injury,1.0,1.0,Dual carriageway,Fine no high winds,Daylight,Assam,Jorhat
5728.0,2018-04-19,20:34,26.74311458,94.17836381,Minor injury,2.0,1.0,Roundabout,Fine no high winds,Darkness - lights lit,Assam,Jorhat
5729.0,2018-04-20,03:15,26.75953653,94.2029016,Minor injury,2.0,1.0,Single carriageway,Fine no high winds,Darkness - lights lit,Assam,Jorhat
5730.0,2018-04-21,17:15,26.74374289,94.21596466,Minor injury,2.0,1.0,Single carriageway,Fine no high winds,Daylight,Assam,Jorhat
5731.0,2018-04-21,19:57,26.73135195,94.21034375,Minor injury,2.0,1.0,Dual carriageway,Fine no high winds,Daylight,Assam,Jorhat
5732.0,2018-04-24,15:38,26.72755647,94.206498,Minor injury,2.0,3.0,Single carriageway,Fine no high winds,Daylight,Assam,Jorhat
5733.0,2018-04-17,01:30,26.71807611,94.19576108,Serious injury,1.0,1.0,Single carriageway,Fine no high winds,Darkness - lights lit,Assam,Jorhat
5734.0,2018-04-26,17:51,26.76683597,94.22642909,Minor injury,2.0,1.0,Single carriageway,Fine no high winds,Daylight,Assam,Jorhat
5735.0,2018-04-26,09:05,26.72733575,94.20653951,Minor injury,2.0,1.0,Dual carriageway,Fine no high winds,Daylight,Assam,Jorhat
5736.0,2018-04-12,15:45,26.76702723,94.20186563,Minor injury,2.0,1.0,Dual carriageway,Fine no high winds,Daylight,Assam,Jorhat
5737.0,2018-04-26,16:00,26.74517099,94.16831482,Minor injury,2.0,1.0,Single carriageway,Fine no high winds,Daylight,Assam,Jorhat
5738.0,2018-04-13,07:10,26.73022474,94.1868013,Serious injury,1.0,2.0,Dual carriageway,Raining no high winds,Daylight,Assam,Jorhat
5739.0,2018-04-17,01:30,26.74115659,94.2161538,Minor injury,2.0,1.0,Single carriageway,Fine no high winds,Darkness - lights lit,Assam,Jorhat
5740.0,2018-04-08,18:50,26.74697846,94.19194125,Minor injury,1.0,1.0,Single carriageway,Fine no high winds,Daylight,Assam,Jorhat
5741.0,2018-04-28,22:29,26.72335056,94.22991474,Minor injury,2.0,1.0,Single carriageway,Fine no high winds,Darkness - lights lit,Assam,Jorhat
5742.0,2018-04-29,19:40,26.76347867,94.20820786,Minor injury,2.0,3.0,Single carriageway,Fine no high winds,Daylight,Assam,Jorhat
5743.0,2018-05-01,20:00,26.72695667,94.18595922,Minor injury,2.0,1.0,Dual carriageway,Fine no high winds,Daylight,Assam,Jorhat
5744.0,2018-05-04,15:35,26.76851951,94.21196419,Minor injury,1.0,1.0,Single carriageway,Fine no high winds,Daylight,Assam,Jorhat
5745.0,2018-05-06,20:51,26.73569741,94.18602159,Minor injury,2.0,1.0,Dual carriageway,Fine no high winds,Darkness - lights lit,Assam,Jorhat
5746.0,2018-04-20,17:20,26.754629,94.22752853,Minor injury,2.0,1.0,One way street,Fine no high winds,Daylight,Assam,Jorhat
5747.0,2018-05-16,22:49,26.75053623,94.19145496,Minor injury,2.0,1.0,Single carriageway,Raining no high winds,Darkness - lights lit,Assam,Jorhat
5748.0,2018-04-24,13:30,26.72413606,94.20017597,Minor injury,2.0,1.0,Single carriageway,Fine no high winds,Daylight,Assam,Jorhat
5749.0,2018-04-27,22:10,26.74097775,94.21141948,Minor injury,3.0,1.0,Dual carriageway,Fine no high winds,Darkness - lights lit,Assam,Jorhat
5750.0,2018-04-14,10:03,26.73603747,94.17268809,Minor injury,1.0,1.0,Single carriageway,Fine no high winds,Daylight,Assam,Jorhat
5751.0,2018-04-16,19:54,26.76551968,94.19153433,Minor injury,2.0,1.0,Single carriageway,Fine no high winds,Daylight,Assam,Jorhat
5752.0,2018-04-18,13:54,26.7468455,94.20096034,Minor injury,3.0,1.0,Dual carriageway,Fine no high winds,Daylight,Assam,Jorhat
5753.0,2018-04-19,17:40,26.72813139,94.2107912,Minor injury,1.0,1.0,Single carriageway,Fine no high winds,Daylight,Assam,Jorhat
5754.0,2018-04-20,17:14,26.7337471,94.22505696,Minor injury,1.0,1.0,Single carriageway,Fine no high winds,Daylight,Assam,Jorhat
5755.0,2018-04-21,19:09,26.71827481,94.19436159,Serious injury,1.0,1.0,Single carriageway,Fine no high winds,Daylight,Assam,Jorhat
5756.0,2018-04-21,13:30,26.73841567,94.22175316,Minor injury,1.0,1.0,Dual carriageway,Fine no high winds,Daylight,Assam,Jorhat
5757.0,2018-04-21,13:43,26.73842183,94.20754837,Minor injury,4.0,1.0,Single carriageway,Fine no high winds,Daylight,Assam,Jorhat
5758.0,2018-04-18,18:45,26.75042285,94.19289787,Minor injury,2.0,1.0,Single carriageway,Fine no high winds,Daylight,Assam,Jorhat
5759.0,2018-05-05,13:20,26.73970221,94.16733477,Minor injury,2.0,1.0,Single carriageway,Fine no high winds,Daylight,Assam,Jorhat
5760.0,2018-04-16,02:16,26.74407205,94.21900573,Serious injury,1.0,1.0,Single carriageway,Fine no high winds,Darkness - lights lit,Assam,Jorhat
5761.0,2018-04-27,17:27,26.76265102,94.23104464,Minor injury,2.0,1.0,Dual carriageway,Fine no high winds,Daylight,Assam,Jorhat
5762.0,2018-04-27,08:53,26.75552089,94.19041351,Minor injury,1.0,1.0,Single carriageway,Fine no high winds,Daylight,Assam,Jorhat
5763.0,2018-04-28,17:45,26.72259032,94.22817262,Minor injury,1.0,1.0,Dual carriageway,Fine no high winds,Daylight,Assam,Jorhat
5764.0,2018-05-01,20:00,26.76438204,94.16804469,Minor injury,1.0,1.0,Single carriageway,Fine no high winds,Daylight,Assam,Jorhat
5765.0,2018-05-04,22:15,26.72232687,94.23065577,Minor injury,1.0,1.0,Single carriageway,Fine no high winds,Darkness - lights lit,Assam,Jorhat
5766.0,2018-05-05,17:43,26.73520905,94.22350207,Minor injury,1.0,1.0,Single carriageway,Fine no high winds,Daylight,Assam,Jorhat
5767.0,2018-05-07,01:02,26.74692521,94.22312559,Minor injury,1.0,2.0,Single carriageway,Fine no high winds,Darkness - lights lit,Assam,Jorhat
5768.0,2018-05-13,14:55,26.73147855,94.17344301,Minor injury,2.0,1.0,Single carriageway,Fine no high winds,Daylight,Assam,Jorhat
5769.0,2018-05-14,12:00,26.72912735,94.19331429,Minor injury,2.0,1.0,Roundabout,Fine no high winds,Daylight,Assam,Jorhat
5770.0,2018-05-12,00:37,26.7205064,94.17412171,Minor injury,2.0,2.0,Dual carriageway,Fine no high winds,Darkness - lights lit,Assam,Jorhat
5771.0,2018-05-16,12:30,26.76289808,94.22554897,Minor injury,2.0,1.0,Single carriageway,Fine no high winds,Daylight,Assam,Jorhat
5772.0,2018-05-19,23:30,26.75304285,94.22732174,Minor injury,2.0,1.0,Dual carriageway,Raining no high winds,Darkness - lights lit,Assam,Jorhat
5773.0,2018-05-08,10:40,26.7267139,94.19085078,Minor injury,2.0,1.0,Single carriageway,Fine no high winds,Daylight,Assam,Jorhat
5774.0,2018-05-16,08:50,26.72651648,94.16830978,Minor injury,2.0,1.0,Single carriageway,Fine no high winds,Daylight,Assam,Jorhat
5775.0,2018-05-12,11:45,26.73873174,94.22958962,Minor injury,1.0,1.0,Single carriageway,Fine no high winds,Daylight,Assam,Jorhat
5776.0,2018-05-12,15:30,26.71757492,94.17883811,Serious injury,2.0,1.0,Dual carriageway,Fine no high winds,Daylight,Assam,Jorhat
5777.0,2018-02-16,23:30,26.73721088,94.18167232,Minor injury,2.0,1.0,Single carriageway,Fine no high winds,Darkness - lights lit,Assam,Jorhat
5778.0,2018-05-08,15:00,26.74418961,94.1952869,Minor injury,1.0,1.0,Single carriageway,Fine no high winds,Daylight,Assam,Jorhat
5779.0,2018-05-08,08:40,26.76303117,94.2052425,Minor injury,1.0,1.0,Single carriageway,Fine no high winds,Daylight,Assam,Jorhat
5780.0,2018-05-19,09:06,26.72559966,94.21759478,Minor injury,1.0,1.0,Single carriageway,Fine no high winds,Daylight,Assam,Jorhat
5781.0,2018-04-22,12:50,26.76402562,94.20858373,Minor injury,2.0,1.0,Dual carriageway,Fine no high winds,Daylight,Assam,Jorhat
5782.0,2018-05-16,16:58,26.71888856,94.2033677,Serious injury,1.0,1.0,Single carriageway,Fine no high winds,Daylight,Assam,Jorhat
5783.0,2018-05-21,15:16,26.7487843,94.18706153,Minor injury,2.0,1.0,Single carriageway,Fine no high winds,Daylight,Assam,Jorhat
5784.0,2018-05-11,09:45,26.74690637,94.18152545,Minor injury,2.0,1.0,Single carriageway,Fine no high winds,Daylight,Assam,Jorhat
5785.0,2018-05-23,14:55,26.76543567,94.22597693,Minor injury,2.0,1.0,Single carriageway,Fine no high winds,Daylight,Assam,Jorhat
5786.0,2018-05-27,16:40,26.7488878,94.1716492,Minor injury,2.0,2.0,Dual carriageway,Fine no high winds,Daylight,Assam,Jorhat
5787.0,2018-05-27,08:05,26.72690441,94.20667207,Minor injury,1.0,1.0,Single carriageway,Fine no high winds,Daylight,Assam,Jorhat
5788.0,2018-05-30,12:00,26.75072558,94.2002671,Minor injury,2.0,1.0,Dual carriageway,Raining no high winds,Daylight,Assam,Jorhat
5789.0,2018-01-21,10:55,26.75860679,94.17667859,Serious injury,1.0,1.0,Single carriageway,Fine no high winds,Daylight,Assam,Jorhat
5790.0,2018-03-31,17:30,26.72083736,94.2256677,Minor injury,2.0,1.0,Single carriageway,Fine no high winds,Darkness - lights lit,Assam,Jorhat
5791.0,2018-05-15,22:00,26.73325777,94.21795612,Minor injury,2.0,1.0,Single carriageway,Fine no high winds,Darkness - lights lit,Assam,Jorhat
5792.0,2018-05-16,07:15,26.71802981,94.1727587,Minor injury,2.0,1.0,Single carriageway,Fine no high winds,Daylight,Assam,Jorhat
5793.0,2018-05-02,13:04,26.72309038,94.21298077,Minor injury,1.0,1.0,Single carriageway,Fine no high winds,Daylight,Assam,Jorhat
5794.0,2018-05-20,12:10,26.74875125,94.19758481,Minor injury,3.0,1.0,Single carriageway,Fine no high winds,Daylight,Assam,Jorhat
5795.0,2018-05-29,21:25,26.76032197,94.19937916,Serious injury,2.0,1.0,Dual carriageway,Fine no high winds,Darkness - lights lit,Assam,Jorhat
5796.0,2018-05-10,12:04,26.74120821,94.17960092,Minor injury,2.0,1.0,Single carriageway,Raining no high winds,Daylight,Assam,Jorhat
5797.0,2018-05-27,17:10,26.73649385,94.2063442,Minor injury,2.0,1.0,Dual carriageway,Fine no high winds,Daylight,Assam,Jorhat
5798.0,2018-06-01,19:39,26.76964059,94.2173148,Minor injury,2.0,1.0,Dual carriageway,Fine no high winds,Daylight,Assam,Jorhat
5799.0,2018-05-23,20:19,26.73685905,94.21934828,Minor injury,1.0,1.0,Single carriageway,Fine no high winds,Daylight,Assam,Jorhat
5800.0,2018-05-18,17:25,26.74587917,94.17250161,Minor injury,2.0,1.0,Dual carriageway,Fine no high winds,Daylight,Assam,Jorhat
5801.0,2018-05-23,18:15,26.76692378,94.16798749,Minor injury,2.0,1.0,Single carriageway,Fine no high winds,Daylight,Assam,Jorhat
5802.0,2018-05-27,22:45,26.72418478,94.22358203,Minor injury,2.0,1.0,Dual carriageway,Fine no high winds,Darkness - lights lit,Assam,Jorhat
5803.0,2018-05-26,14:02,26.76188243,94.22783296,Minor injury,4.0,1.0,Dual carriageway,Fine no high winds,Daylight,Assam,Jorhat
5804.0,2018-06-05,22:54,26.71947372,94.2307404,Serious injury,1.0,1.0,Single carriageway,Raining no high winds,Darkness - lights lit,Assam,Jorhat
5805.0,2018-05-21,18:51,26.75526973,94.20209532,Minor injury,2.0,1.0,Single carriageway,Fine no high winds,Daylight,Assam,Jorhat
5806.0,2018-05-03,09:55,26.73572702,94.21523593,Minor injury,3.0,4.0,Single carriageway,Fine no high winds,Daylight,Assam,Jorhat
5807.0,2018-06-01,12:42,26.76845427,94.17238164,Minor injury,2.0,1.0,Single carriageway,Raining no high winds,Daylight,Assam,Jorhat
5808.0,2018-05-15,21:45,26.74446897,94.16791646,Minor injury,3.0,2.0,Single carriageway,Fine no high winds,Darkness - lights lit,Assam,Jorhat
5809.0,2018-06-05,17:49,26.74705409,94.21345633,Minor injury,2.0,2.0,Single carriageway,Fine no high winds,Daylight,Assam,Jorhat
5810.0,2018-05-30,16:02,26.75902177,94.19470774,Serious injury,2.0,1.0,One way street,Fine no high winds,Daylight,Assam,Jorhat
5811.0,2018-05-25,17:00,26.74646578,94.16743233,Minor injury,2.0,1.0,Single carriageway,Fine no high winds,Daylight,Assam,Jorhat
5812.0,2018-05-17,19:15,26.74374907,94.21778626,Minor injury,2.0,1.0,Single carriageway,Fine no high winds,Darkness - lights lit,Assam,Jorhat
5813.0,2018-05-22,15:21,26.76782028,94.2027888,Minor injury,2.0,1.0,Single carriageway,Fine no high winds,Daylight,Assam,Jorhat
5814.0,2018-05-31,18:40,26.75778199,94.21944055,Serious injury,2.0,1.0,Dual carriageway,Fine no high winds,Daylight,Assam,Jorhat
5815.0,2018-05-21,23:20,26.74840263,94.19850327,Minor injury,2.0,2.0,Single carriageway,Fine no high winds,Darkness - lights lit,Assam,Jorhat
5816.0,2018-05-25,13:20,26.7184817,94.17869633,Minor injury,2.0,3.0,Single carriageway,Fine no high winds,Daylight,Assam,Jorhat
5817.0,2018-06-06,08:40,26.75207352,94.20415193,Minor injury,2.0,1.0,Single carriageway,Fine no high winds,Daylight,Assam,Jorhat
5818.0,2018-06-05,01:20,26.72518139,94.19087691,Minor injury,3.0,2.0,Single carriageway,Fine no high winds,Darkness - lights lit,Assam,Jorhat
5819.0,2018-06-12,15:40,26.7411,94.19923698,Minor injury,2.0,1.0,Single carriageway,Fine no high winds,Daylight,Assam,Jorhat
5820.0,2018-06-15,15:00,26.72268326,94.22094342,Minor injury,2.0,1.0,Single carriageway,Fine no high winds,Daylight,Assam,Jorhat
5821.0,2018-06-02,13:09,26.72563578,94.22100141,Minor injury,1.0,1.0,Single carriageway,Fine no high winds,Daylight,Assam,Jorhat
5822.0,2018-06-14,17:20,26.71843114,94.21498193,Minor injury,2.0,1.0,Single carriageway,Fine no high winds,Daylight,Assam,Jorhat
5823.0,2018-04-21,08:40,26.73955272,94.22875456,Minor injury,2.0,1.0,Single carriageway,Fine no high winds,Daylight,Assam,Jorhat
5824.0,2018-06-13,19:35,26.72509925,94.17252049,Minor injury,2.0,1.0,Single carriageway,Fine no high winds,Daylight,Assam,Jorhat
5825.0,2018-06-11,18:25,26.72693951,94.17023301,Minor injury,2.0,1.0,Single carriageway,Fine no high winds,Daylight,Assam,Jorhat
5826.0,2018-06-22,09:30,26.73516498,94.22920501,Minor injury,2.0,1.0,Single carriageway,Fine no high winds,Daylight,Assam,Jorhat
5827.0,2018-06-18,07:27,26.76037592,94.1747387,Minor injury,2.0,1.0,Single carriageway,Fine no high winds,Daylight,Assam,Jorhat
5828.0,2018-06-21,14:00,26.75026303,94.17746627,Minor injury,1.0,1.0,Single carriageway,Fine no high winds,Daylight,Assam,Jorhat
5829.0,2018-06-13,10:40,26.75948712,94.17914441,Serious injury,1.0,1.0,Single carriageway,Fine no high winds,Daylight,Assam,Jorhat
5830.0,2018-06-11,11:33,26.74304258,94.17554839,Minor injury,2.0,1.0,Single carriageway,Fine no high winds,Daylight,Assam,Jorhat
5831.0,2018-06-10,15:32,26.73982123,94.21321556,Minor injury,2.0,2.0,Single carriageway,Fine no high winds,Daylight,Assam,Jorhat
5832.0,2018-03-22,14:58,26.76430511,94.18814751,Minor injury,1.0,1.0,Single carriageway,Fine no high winds,Daylight,Assam,Jorhat
5833.0,2018-06-11,17:32,26.72720602,94.20545756,Minor injury,2.0,1.0,Single carriageway,Fine no high winds,Daylight,Assam,Jorhat
5834.0,2018-06-10,18:15,26.75604926,94.21385868,Minor injury,3.0,2.0,Single carriageway,Fine no high winds,Daylight,Assam,Jorhat
5835.0,2018-06-23,17:07,26.7593827,94.22525987,Minor injury,2.0,1.0,Single carriageway,Fine no high winds,Daylight,Assam,Jorhat
5836.0,2018-06-23,18:36,26.73100688,94.17666796,Minor injury,2.0,1.0,Single carriageway,Fine no high winds,Daylight,Assam,Jorhat
5837.0,2018-06-10,23:40,26.74830438,94.227297,Minor injury,2.0,1.0,Single carriageway,Fine no high winds,Darkness - lights lit,Assam,Jorhat
5838.0,2018-06-10,18:46,26.76517557,94.22505682,Minor injury,1.0,1.0,Single carriageway,Fine no high winds,Daylight,Assam,Jorhat
5839.0,2018-06-24,16:08,26.73251298,94.18264419,Minor injury,1.0,1.0,Single carriageway,Fine no high winds,Daylight,Assam,Jorhat
5840.0,2018-06-24,16:25,26.7470698,94.20441831,Minor injury,1.0,1.0,One way street,Fine no high winds,Daylight,Assam,Jorhat
5841.0,2018-06-06,20:10,26.74963857,94.18606711,Minor injury,2.0,1.0,Single carriageway,Fine no high winds,Darkness - lights lit,Assam,Jorhat
5842.0,2018-06-23,23:05,26.74353141,94.22221227,Minor injury,3.0,3.0,Single carriageway,Fine no high winds,Darkness - lights lit,Assam,Jorhat
5843.0,2018-06-21,15:55,26.74345112,94.17039081,Minor injury,1.0,1.0,Single carriageway,Fine no high winds,Daylight,Assam,Jorhat
5844.0,2018-06-20,17:38,26.7696094,94.21503826,Minor injury,2.0,1.0,One way street,Fine no high winds,Daylight,Assam,Jorhat
5845.0,2018-06-25,17:25,26.74947651,94.18795191,Minor injury,2.0,1.0,Single carriageway,Fine no high winds,Daylight,Assam,Jorhat
5846.0,2018-06-25,23:00,26.76247321,94.17087193,Minor injury,2.0,1.0,Single carriageway,Fine no high winds,Darkness - lights lit,Assam,Jorhat
5847.0,2018-06-20,17:56,26.7620782,94.18857523,Serious injury,2.0,1.0,Single carriageway,Fine no high winds,Daylight,Assam,Jorhat
5848.0,2018-06-14,10:15,26.74505275,94.19291573,Minor injury,3.0,1.0,Dual carriageway,Fine no high winds,Daylight,Assam,Jorhat
5849.0,2018-06-08,19:16,26.76873789,94.21964073,Minor injury,1.0,1.0,Single carriageway,Fine no high winds,Daylight,Assam,Jorhat
5850.0,2018-06-18,18:40,26.74820106,94.21946718,Minor injury,2.0,1.0,Single carriageway,Fine no high winds,Daylight,Assam,Jorhat
5851.0,2018-06-25,13:20,26.75069871,94.21915024,Minor injury,3.0,1.0,Dual carriageway,Fine no high winds,Daylight,Assam,Jorhat
5852.0,2018-06-10,15:38,26.76053842,94.18499864,Minor injury,2.0,1.0,Dual carriageway,Fine no high winds,Daylight,Assam,Jorhat
5853.0,2018-06-20,13:22,26.71917275,94.19810798,Minor injury,1.0,1.0,Single carriageway,Fine no high winds,Daylight,Assam,Jorhat
5854.0,2018-06-16,09:56,26.75043348,94.17588111,Serious injury,2.0,1.0,One way street,Fine no high winds,Daylight,Assam,Jorhat
5855.0,2018-06-22,07:47,26.72212469,94.20537347,Minor injury,1.0,1.0,Single carriageway,Fine no high winds,Daylight,Assam,Jorhat
5856.0,2018-06-17,23:10,26.71760617,94.17826496,Minor injury,2.0,1.0,Single carriageway,Fine no high winds,Darkness - lights lit,Assam,Jorhat
5857.0,2018-06-17,19:03,26.74776652,94.21091981,Minor injury,1.0,1.0,Single carriageway,Fine no high winds,Daylight,Assam,Jorhat
5858.0,2018-06-22,04:30,26.7429208,94.19397323,Minor injury,2.0,1.0,Single carriageway,Fine no high winds,Darkness - lights lit,Assam,Jorhat
5859.0,2018-06-09,07:50,26.73896559,94.20754469,Minor injury,2.0,1.0,Single carriageway,Fine no high winds,Daylight,Assam,Jorhat
5860.0,2018-06-11,01:15,26.75408655,94.22734664,Minor injury,2.0,1.0,Single carriageway,Fine no high winds,Darkness - lights lit,Assam,Jorhat
5861.0,2018-06-13,18:54,26.74492337,94.17846999,Minor injury,2.0,1.0,Single carriageway,Fine no high winds,Daylight,Assam,Jorhat
5862.0,2018-07-01,12:30,26.75645734,94.20616376,Minor injury,1.0,1.0,Single carriageway,Fine no high winds,Daylight,Assam,Jorhat
5863.0,2018-06-15,11:45,26.73107427,94.21839752,Minor injury,2.0,1.0,Single carriageway,Fine no high winds,Daylight,Assam,Jorhat
5864.0,2018-06-21,07:55,26.74942613,94.17805098,Minor injury,2.0,1.0,Dual carriageway,Fine no high winds,Daylight,Assam,Jorhat
5865.0,2018-06-17,16:20,26.76672929,94.19173677,Minor injury,2.0,1.0,Dual carriageway,Fine no high winds,Daylight,Assam,Jorhat
5866.0,2018-07-07,13:00,26.73417386,94.17913442,Minor injury,2.0,1.0,Single carriageway,Fine no high winds,Daylight,Assam,Jorhat
5867.0,2018-07-01,16:35,26.7574558,94.17935126,Minor injury,2.0,1.0,Single carriageway,Fine no high winds,Daylight,Assam,Jorhat
5868.0,2018-04-17,08:45,26.7291859,94.19399196,Minor injury,1.0,1.0,Single carriageway,Fine no high winds,Daylight,Assam,Jorhat
5869.0,2018-06-29,15:30,26.76591589,94.16914338,Serious injury,2.0,1.0,Slip road,Fine no high winds,Daylight,Assam,Jorhat
5870.0,2018-06-29,12:15,26.72143648,94.22675561,Minor injury,3.0,1.0,Single carriageway,Fine no high winds,Daylight,Assam,Jorhat
5871.0,2018-07-05,15:48,26.72111701,94.16821344,Minor injury,2.0,2.0,Single carriageway,Raining no high winds,Daylight,Assam,Jorhat
5872.0,2018-06-29,21:45,26.72119112,94.2297828,Minor injury,2.0,1.0,Single carriageway,Fine no high winds,Darkness - lights lit,Assam,Jorhat
5873.0,2018-06-28,19:15,26.73162323,94.21177622,Minor injury,2.0,1.0,Single carriageway,Fine no high winds,Daylight,Assam,Jorhat
5874.0,2018-06-28,15:55,26.7365671,94.18738843,Minor injury,1.0,1.0,Single carriageway,Fine no high winds,Daylight,Assam,Jorhat
5875.0,2018-07-12,08:36,26.76397777,94.2296334,Minor injury,2.0,1.0,Single carriageway,Fine no high winds,Daylight,Assam,Jorhat
5876.0,2018-06-30,18:50,26.71865495,94.20809502,Minor injury,1.0,1.0,Single carriageway,Raining no high winds,Daylight,Assam,Jorhat
5877.0,2018-07-17,21:02,26.75625612,94.1943923,Minor injury,4.0,1.0,Single carriageway,Fine no high winds,Daylight,Assam,Jorhat
5878.0,2018-07-18,00:50,26.74514824,94.18031363,Minor injury,1.0,1.0,Single carriageway,Fine no high winds,Darkness - lights lit,Assam,Jorhat
5879.0,2018-07-17,22:44,26.74555067,94.1782348,Minor injury,2.0,1.0,Single carriageway,Fine no high winds,Darkness - lights lit,Assam,Jorhat
5880.0,2018-07-04,17:05,26.75099883,94.20814046,Serious injury,2.0,1.0,Single carriageway,Raining no high winds,Daylight,Assam,Jorhat
5881.0,2018-07-01,13:35,26.72362964,94.19697333,Minor injury,2.0,1.0,Single carriageway,Fine no high winds,Daylight,Assam,Jorhat
5882.0,2018-07-06,20:10,26.74395682,94.20272656,Minor injury,3.0,1.0,Single carriageway,Fine no high winds,Daylight,Assam,Jorhat
5883.0,2018-07-04,09:40,26.71993598,94.2250008,Minor injury,2.0,2.0,Single carriageway,Fine no high winds,Daylight,Assam,Jorhat
5884.0,2018-06-28,14:45,26.74437586,94.19536739,Minor injury,2.0,1.0,Single carriageway,Fine no high winds,Daylight,Assam,Jorhat
5885.0,2018-07-03,15:30,26.74497567,94.22447528,Minor injury,1.0,1.0,Single carriageway,Fine no high winds,Daylight,Assam,Jorhat
5886.0,2018-07-04,18:45,26.76333258,94.1755249,Minor injury,2.0,1.0,Single carriageway,Fine no high winds,Daylight,Assam,Jorhat
5887.0,2018-07-03,09:35,26.76181895,94.21109257,Minor injury,1.0,1.0,Single carriageway,Fine no high winds,Daylight,Assam,Jorhat
5888.0,2018-06-30,10:00,26.72017146,94.19734222,Minor injury,1.0,1.0,Single carriageway,Fine no high winds,Daylight,Assam,Jorhat
5889.0,2018-06-15,15:30,26.75794896,94.19874435,Minor injury,2.0,1.0,Single carriageway,Fine no high winds,Daylight,Assam,Jorhat
5890.0,2018-07-08,16:15,26.71905055,94.18781707,Serious injury,2.0,1.0,Dual carriageway,Fine no high winds,Daylight,Assam,Jorhat
5891.0,2018-07-11,19:20,26.74749284,94.22351886,Minor injury,4.0,1.0,Single carriageway,Fine no high winds,Daylight,Assam,Jorhat
5892.0,2018-07-20,13:55,26.75482323,94.21208892,Minor injury,2.0,1.0,Single carriageway,Fine no high winds,Daylight,Assam,Jorhat
5893.0,2018-07-20,18:40,26.72333647,94.22084599,Minor injury,3.0,1.0,Single carriageway,Fine no high winds,Daylight,Assam,Jorhat
5894.0,2018-07-20,16:40,26.74728864,94.17923269,Minor injury,2.0,1.0,Single carriageway,Fine no high winds,Daylight,Assam,Jorhat
5895.0,2018-07-17,11:00,26.74868272,94.17322728,Minor injury,2.0,1.0,Single carriageway,Fine no high winds,Daylight,Assam,Jorhat
5896.0,2018-07-18,19:30,26.7483106,94.21051675,Minor injury,2.0,1.0,Single carriageway,Fine no high winds,Daylight,Assam,Jorhat
5897.0,2018-07-16,16:36,26.74306752,94.18957345,Minor injury,2.0,1.0,Single carriageway,Fine no high winds,Daylight,Assam,Jorhat
5898.0,2018-07-22,18:59,26.75681599,94.2078342,Minor injury,2.0,1.0,Single carriageway,Fine no high winds,Daylight,Assam,Jorhat
5899.0,2018-07-25,12:47,26.76214812,94.16979213,Minor injury,2.0,1.0,Single carriageway,Fine no high winds,Daylight,Assam,Jorhat
5900.0,2018-07-24,15:06,26.75795156,94.22955912,Minor injury,1.0,1.0,Single carriageway,Raining no high winds,Daylight,Assam,Jorhat
5901.0,2018-07-15,19:05,26.76661038,94.22037327,Minor injury,1.0,1.0,Single carriageway,Fine no high winds,Daylight,Assam,Jorhat
5902.0,2018-07-24,13:30,26.75265068,94.20046111,Minor injury,2.0,2.0,Single carriageway,Fine no high winds,Daylight,Assam,Jorhat
5903.0,2018-07-06,16:00,26.73990495,94.18114829,Minor injury,3.0,1.0,Single carriageway,Fine no high winds,Daylight,Assam,Jorhat
5904.0,2018-07-20,12:05,26.75541458,94.19093574,Serious injury,2.0,1.0,Roundabout,Fine no high winds,Daylight,Assam,Jorhat
5905.0,2018-08-02,06:40,26.76031954,94.22662811,Minor injury,2.0,1.0,Single carriageway,Fine no high winds,Daylight,Assam,Jorhat
5906.0,2018-07-18,12:01,26.7674355,94.20553688,Minor injury,1.0,1.0,Single carriageway,Fine no high winds,Daylight,Assam,Jorhat
5907.0,2018-06-20,15:20,26.71860689,94.197941,Minor injury,3.0,2.0,Dual carriageway,Fine no high winds,Daylight,Assam,Jorhat
5908.0,2018-07-25,14:40,26.72937419,94.16964073,Minor injury,2.0,1.0,Single carriageway,Fine no high winds,Daylight,Assam,Jorhat
5909.0,2018-06-15,07:50,26.7426523,94.22500745,Minor injury,2.0,1.0,Single carriageway,Raining no high winds,Daylight,Assam,Jorhat
5910.0,2018-07-17,15:38,26.76559301,94.21946449,Minor injury,1.0,1.0,Single carriageway,Fine no high winds,Daylight,Assam,Jorhat
5911.0,2018-02-08,18:20,26.75426569,94.16769542,Minor injury,3.0,1.0,One way street,Fine no high winds,Darkness - lights lit,Assam,Jorhat
5912.0,2018-07-28,13:07,26.73569028,94.21547195,Minor injury,2.0,1.0,Dual carriageway,Fine no high winds,Daylight,Assam,Jorhat
5913.0,2018-08-06,21:42,26.72861352,94.16926527,Minor injury,2.0,2.0,Single carriageway,Fine no high winds,Darkness - lights lit,Assam,Jorhat
5914.0,2018-08-08,08:31,26.75012727,94.22518244,Serious injury,2.0,1.0,Single carriageway,Fine no high winds,Daylight,Assam,Jorhat
5915.0,2018-08-07,14:35,26.75519716,94.21870302,Serious injury,1.0,2.0,Single carriageway,Fine no high winds,Daylight,Assam,Jorhat
5916.0,2018-08-03,07:38,26.74237508,94.185191,Minor injury,2.0,1.0,Single carriageway,Fine no high winds,Daylight,Assam,Jorhat
5917.0,2018-08-01,19:48,26.76492127,94.2182407,Serious injury,2.0,1.0,Single carriageway,Fine no high winds,Daylight,Assam,Jorhat
5918.0,2018-07-24,14:45,26.75069976,94.19938698,Minor injury,2.0,1.0,Single carriageway,Fine no high winds,Daylight,Assam,Jorhat
5919.0,2018-06-26,18:00,26.7594671,94.22257061,Minor injury,2.0,3.0,Dual carriageway,Fine no high winds,Daylight,Assam,Jorhat
5920.0,2018-07-29,13:15,26.75107242,94.1697802,Minor injury,2.0,1.0,Single carriageway,Fine no high winds,Daylight,Assam,Jorhat
5921.0,2018-08-06,15:59,26.73798013,94.22619458,Minor injury,1.0,1.0,Single carriageway,Fine no high winds,Daylight,Assam,Jorhat
5922.0,2018-07-27,10:38,26.72032613,94.17586891,Minor injury,2.0,2.0,Single carriageway,Fine no high winds,Daylight,Assam,Jorhat
5923.0,2018-08-03,09:20,26.72094918,94.217149,Minor injury,2.0,1.0,Single carriageway,Fine no high winds,Daylight,Assam,Jorhat
5924.0,2018-08-07,14:40,26.76809071,94.22362789,Minor injury,2.0,1.0,Dual carriageway,Fine no high winds,Daylight,Assam,Jorhat
5925.0,2018-08-03,22:12,26.72044312,94.17943493,Minor injury,2.0,1.0,Single carriageway,Fine no high winds,Darkness - lights lit,Assam,Jorhat
5926.0,2018-07-15,18:15,26.7658967,94.16691248,Minor injury,2.0,1.0,Dual carriageway,Fine no high winds,Daylight,Assam,Jorhat
5927.0,2018-07-14,13:10,26.75732107,94.18424833,Minor injury,2.0,1.0,Dual carriageway,Fine no high winds,Daylight,Assam,Jorhat
5928.0,2018-07-13,08:05,26.72646141,94.17112947,Minor injury,3.0,1.0,Dual carriageway,Fine no high winds,Daylight,Assam,Jorhat
5929.0,2018-07-12,17:05,26.75124755,94.22184713,Minor injury,1.0,1.0,Single carriageway,Fine no high winds,Daylight,Assam,Jorhat
5930.0,2018-07-12,13:20,26.71791183,94.22891471,Minor injury,3.0,1.0,Single carriageway,Fine no high winds,Daylight,Assam,Jorhat
5931.0,2018-07-29,10:40,26.73958559,94.20890438,Minor injury,1.0,1.0,Single carriageway,Fine no high winds,Daylight,Assam,Jorhat
5932.0,2018-08-07,21:25,26.73065297,94.17230385,Minor injury,2.0,1.0,Single carriageway,Fine no high winds,Darkness - lights lit,Assam,Jorhat
5933.0,2018-08-06,15:30,26.73004972,94.20280945,Minor injury,2.0,1.0,Dual carriageway,Fine no high winds,Daylight,Assam,Jorhat
5934.0,2018-08-03,23:05,26.75398524,94.21799301,Minor injury,1.0,1.0,Single carriageway,Fine no high winds,Darkness - lights lit,Assam,Jorhat
5935.0,2018-06-20,23:00,26.74068031,94.19775829,Minor injury,2.0,1.0,Single carriageway,Fine no high winds,Darkness - lights lit,Assam,Jorhat
5936.0,2018-07-30,10:30,26.73751776,94.20197495,Minor injury,2.0,1.0,Roundabout,Fine no high winds,Daylight,Assam,Jorhat
5937.0,2018-06-30,11:55,26.72189178,94.18092677,Minor injury,1.0,1.0,Single carriageway,Fine no high winds,Daylight,Assam,Jorhat
5938.0,2018-08-11,09:00,26.76820208,94.18830975,Minor injury,2.0,1.0,Single carriageway,Fine no high winds,Daylight,Assam,Jorhat
5939.0,2018-08-11,18:13,26.74065858,94.19737472,Minor injury,2.0,1.0,Single carriageway,Fine no high winds,Daylight,Assam,Jorhat
5940.0,2018-08-12,21:20,26.74203828,94.20437425,Minor injury,2.0,1.0,Single carriageway,Fine no high winds,Darkness - lights lit,Assam,Jorhat
5941.0,2018-08-09,12:10,26.74651141,94.18877135,Minor injury,2.0,1.0,Single carriageway,Fine no high winds,Daylight,Assam,Jorhat
5942.0,2018-08-11,00:50,26.74195574,94.19388487,Serious injury,2.0,1.0,Single carriageway,Fine no high winds,Darkness - lights lit,Assam,Jorhat
5943.0,2018-08-11,19:45,26.74346327,94.20333509,Minor injury,1.0,1.0,Single carriageway,Fine no high winds,Daylight,Assam,Jorhat
5944.0,2018-08-09,10:25,26.73507327,94.18455366,Minor injury,2.0,1.0,Single carriageway,Fine no high winds,Daylight,Assam,Jorhat
5945.0,2018-08-12,09:06,26.72395472,94.19720047,Minor injury,3.0,1.0,Single carriageway,Fine no high winds,Daylight,Assam,Jorhat
5946.0,2018-07-17,18:30,26.75255617,94.18277467,Minor injury,2.0,1.0,Dual carriageway,Fine no high winds,Daylight,Assam,Jorhat
5947.0,2018-08-10,11:30,26.76067047,94.18925781,Minor injury,2.0,1.0,Single carriageway,Fine no high winds,Daylight,Assam,Jorhat
5948.0,2018-08-06,11:20,26.75463491,94.17905062,Minor injury,2.0,1.0,Single carriageway,Fine no high winds,Daylight,Assam,Jorhat
5949.0,2018-07-29,22:15,26.75468181,94.21773875,Minor injury,2.0,1.0,Dual carriageway,Fine no high winds,Darkness - lights lit,Assam,Jorhat
5950.0,2018-08-17,13:45,26.76207143,94.16912531,Minor injury,2.0,1.0,Single carriageway,Fine no high winds,Daylight,Assam,Jorhat
5951.0,2018-08-13,17:01,26.76749685,94.19302764,Minor injury,2.0,1.0,Single carriageway,Raining no high winds,Daylight,Assam,Jorhat
5952.0,2018-08-16,07:30,26.76407755,94.23104799,Minor injury,2.0,1.0,Single carriageway,Fine no high winds,Daylight,Assam,Jorhat
5953.0,2018-07-03,17:00,26.72930252,94.17204203,Minor injury,2.0,2.0,Dual carriageway,Fine no high winds,Daylight,Assam,Jorhat
5954.0,2018-08-20,12:38,26.75596038,94.22861503,Minor injury,2.0,1.0,Single carriageway,Fine no high winds,Daylight,Assam,Jorhat
5955.0,2018-08-12,11:39,26.76293719,94.2053624,Minor injury,3.0,1.0,Dual carriageway,Fine no high winds,Daylight,Assam,Jorhat
5956.0,2018-08-12,17:37,26.7547839,94.16999388,Minor injury,1.0,1.0,Single carriageway,Fine no high winds,Daylight,Assam,Jorhat
5957.0,2018-08-15,16:20,26.74653408,94.18954385,Minor injury,2.0,2.0,Single carriageway,Fine no high winds,Daylight,Assam,Jorhat
5958.0,2018-08-15,13:05,26.76423836,94.18122619,Minor injury,2.0,1.0,Dual carriageway,Fine no high winds,Daylight,Assam,Jorhat
5959.0,2018-06-23,13:30,26.7632292,94.19366674,Minor injury,2.0,1.0,Single carriageway,Fine no high winds,Daylight,Assam,Jorhat
5960.0,2018-08-26,18:38,26.75136904,94.1798177,Minor injury,1.0,2.0,Dual carriageway,Fine no high winds,Daylight,Assam,Jorhat
5961.0,2018-08-24,09:49,26.72075321,94.1763341,Minor injury,2.0,1.0,Roundabout,Raining no high winds,Daylight,Assam,Jorhat
5962.0,2018-08-13,13:34,26.74273453,94.18183263,Minor injury,1.0,1.0,Single carriageway,Fine no high winds,Daylight,Assam,Jorhat
5963.0,2018-08-16,08:25,26.73067635,94.17112561,Minor injury,2.0,1.0,Single carriageway,Fine no high winds,Daylight,Assam,Jorhat
5964.0,2018-08-19,23:05,26.71942346,94.21703715,Minor injury,2.0,3.0,Dual carriageway,Fine no high winds,Darkness - lights lit,Assam,Jorhat
5965.0,2018-08-17,09:24,26.73697174,94.22840652,Minor injury,3.0,1.0,Single carriageway,Fine no high winds,Daylight,Assam,Jorhat
5966.0,2018-08-17,13:02,26.74743485,94.19131806,Minor injury,2.0,1.0,Roundabout,Fine no high winds,Daylight,Assam,Jorhat
5967.0,2018-08-18,13:00,26.769399,94.17823486,Minor injury,5.0,1.0,Dual carriageway,Fine no high winds,Daylight,Assam,Jorhat
5968.0,2018-08-23,16:30,26.74377504,94.20596421,Minor injury,2.0,1.0,Single carriageway,Fine no high winds,Daylight,Assam,Jorhat
5969.0,2018-09-01,12:20,26.76421038,94.20421351,Minor injury,2.0,1.0,Roundabout,Fine no high winds,Daylight,Assam,Jorhat
5970.0,2018-08-02,11:50,26.74070864,94.22192378,Minor injury,1.0,1.0,Dual carriageway,Fine no high winds,Daylight,Assam,Jorhat
5971.0,2018-08-15,18:40,26.74785179,94.22669858,Minor injury,2.0,1.0,Roundabout,Fine no high winds,Daylight,Assam,Jorhat
5972.0,2018-08-29,18:55,26.72299398,94.22324378,Minor injury,2.0,3.0,Single carriageway,Fine no high winds,Daylight,Assam,Jorhat
5973.0,2018-08-22,16:43,26.75658211,94.20192752,Minor injury,1.0,1.0,Single carriageway,Raining no high winds,Daylight,Assam,Jorhat
5974.0,2018-08-30,21:57,26.74476172,94.20355636,Minor injury,2.0,1.0,Single carriageway,Fine no high winds,Darkness - lights lit,Assam,Jorhat
5975.0,2018-08-23,07:59,26.7326537,94.18432167,Minor injury,2.0,2.0,Single carriageway,Fine no high winds,Daylight,Assam,Jorhat
5976.0,2018-08-08,01:05,26.75059686,94.17103372,Minor injury,2.0,1.0,Dual carriageway,Fine no high winds,Darkness - lights lit,Assam,Jorhat
5977.0,2018-08-12,17:29,26.75560938,94.22978948,Serious injury,2.0,1.0,Dual carriageway,Fine no high winds,Daylight,Assam,Jorhat
5978.0,2018-08-26,21:16,26.76509382,94.21178926,Serious injury,3.0,2.0,Single carriageway,Fine no high winds,Darkness - lights lit,Assam,Jorhat
5979.0,2018-08-27,19:17,26.7603187,94.2259826,Minor injury,1.0,1.0,One way street,Fine no high winds,Daylight,Assam,Jorhat
5980.0,2018-08-29,08:08,26.76673407,94.17701848,Minor injury,2.0,1.0,Single carriageway,Fine no high winds,Daylight,Assam,Jorhat
5981.0,2018-08-28,23:40,26.72785331,94.17535108,Minor injury,2.0,1.0,Dual carriageway,Fine no high winds,Darkness - lights lit,Assam,Jorhat
5982.0,2018-09-04,00:05,26.76798916,94.18660042,Minor injury,2.0,4.0,Dual carriageway,Fine no high winds,Darkness - lights lit,Assam,Jorhat
5983.0,2018-08-24,20:40,26.76446587,94.20409529,Minor injury,2.0,1.0,Single carriageway,Fine no high winds,Darkness - lights lit,Assam,Jorhat
5984.0,2018-08-30,15:50,26.7396988,94.22008529,Minor injury,1.0,1.0,Single carriageway,Fine no high winds,Daylight,Assam,Jorhat
5985.0,2018-08-29,22:00,26.76226654,94.18842721,Minor injury,2.0,1.0,Single carriageway,Fine no high winds,Darkness - lights lit,Assam,Jorhat
5986.0,2018-08-23,09:55,26.75882393,94.21925528,Serious injury,2.0,1.0,Dual carriageway,Fine no high winds,Daylight,Assam,Jorhat
5987.0,2018-01-15,07:00,26.72965262,94.1978315,Serious injury,2.0,1.0,Single carriageway,Fine no high winds,Daylight,Assam,Jorhat
5988.0,2018-08-01,14:27,26.72136096,94.17837951,Minor injury,2.0,1.0,Single carriageway,Fine no high winds,Daylight,Assam,Jorhat
5989.0,2018-08-29,19:35,26.7583402,94.17610642,Minor injury,2.0,2.0,Single carriageway,Fine no high winds,Daylight,Assam,Jorhat
5990.0,2018-08-25,22:45,26.76456671,94.18003043,Minor injury,2.0,2.0,Dual carriageway,Fine no high winds,Darkness - lights lit,Assam,Jorhat
5991.0,2018-08-27,00:24,26.72984706,94.17952554,Minor injury,2.0,1.0,Single carriageway,Fine no high winds,Darkness - lights lit,Assam,Jorhat
5992.0,2018-09-01,12:09,26.76303412,94.18100024,Serious injury,2.0,1.0,Single carriageway,Fine no high winds,Daylight,Assam,Jorhat
5993.0,2018-08-25,08:08,26.76568811,94.1750062,Minor injury,3.0,2.0,Roundabout,Fine no high winds,Daylight,Assam,Jorhat
5994.0,2018-08-16,13:30,26.71990164,94.22301426,Minor injury,2.0,1.0,Dual carriageway,Fine no high winds,Daylight,Assam,Jorhat
5995.0,2018-08-27,10:45,26.73647205,94.21533354,Minor injury,1.0,1.0,Single carriageway,Fine no high winds,Daylight,Assam,Jorhat
5996.0,2018-08-26,12:00,26.72148237,94.22543152,Minor injury,1.0,1.0,Single carriageway,Fine no high winds,Daylight,Assam,Jorhat
5997.0,2018-08-21,13:05,26.73369852,94.21615545,Minor injury,2.0,2.0,Roundabout,Fine no high winds,Daylight,Assam,Jorhat
5998.0,2018-08-22,20:22,26.76567997,94.19673982,Minor injury,1.0,2.0,Single carriageway,Raining no high winds,Darkness - lights lit,Assam,Jorhat
5999.0,2018-08-23,17:50,26.72524835,94.17228546,Minor injury,2.0,1.0,Dual carriageway,Fine no high winds,Daylight,Assam,Jorhat
6000.0,2018-08-18,07:05,26.72284172,94.20641837,Serious injury,3.0,1.0,Dual carriageway,Fine no high winds,Daylight,Assam,Jorhat
6001.0,2018-09-01,11:30,26.75908158,94.20406915,Minor injury,1.0,1.0,Single carriageway,Fine no high winds,Daylight,Assam,Jorhat
6002.0,2018-08-21,03:30,26.72188032,94.19339927,Minor injury,1.0,2.0,Single carriageway,Fine no high winds,Darkness - lights lit,Assam,Jorhat
6003.0,2018-08-17,13:44,26.7652054,94.17005773,Minor injury,2.0,1.0,Single carriageway,Fine no high winds,Daylight,Assam,Jorhat
6004.0,2018-09-10,00:55,26.76122047,94.18437145,Minor injury,2.0,1.0,Single carriageway,Fine no high winds,Darkness - lights lit,Assam,Jorhat
6005.0,2018-09-06,13:10,26.73544335,94.17557802,Minor injury,2.0,1.0,Single carriageway,Fine no high winds,Daylight,Assam,Jorhat
6006.0,2018-09-06,14:07,26.76932891,94.22317113,Serious injury,2.0,1.0,Single carriageway,Fine no high winds,Daylight,Assam,Jorhat
6007.0,2018-08-31,15:50,26.76251786,94.23032835,Minor injury,2.0,1.0,Single carriageway,Fine no high winds,Daylight,Assam,Jorhat
6008.0,2018-09-05,11:45,26.76819258,94.18500776,Minor injury,2.0,1.0,Single carriageway,Fine no high winds,Daylight,Assam,Jorhat
6009.0,2018-09-08,21:00,26.74563406,94.21940611,Minor injury,2.0,1.0,Single carriageway,Fine no high winds,Daylight,Assam,Jorhat
6010.0,2018-05-27,16:45,26.72661316,94.1996776,Minor injury,2.0,1.0,Single carriageway,Fine no high winds,Daylight,Assam,Jorhat
6011.0,2018-09-12,19:50,26.75180757,94.17247886,Minor injury,1.0,1.0,Single carriageway,Fine no high winds,Daylight,Assam,Jorhat
6012.0,2018-09-11,19:20,26.75205505,94.20065058,Minor injury,2.0,3.0,Single carriageway,Fine no high winds,Daylight,Assam,Jorhat
6013.0,2018-09-10,12:23,26.76750694,94.2244517,Minor injury,2.0,4.0,Single carriageway,Fine no high winds,Daylight,Assam,Jorhat
6014.0,2018-09-08,09:20,26.76351727,94.18635788,Minor injury,1.0,1.0,Single carriageway,Fine no high winds,Daylight,Assam,Jorhat
6015.0,2018-09-09,12:17,26.74620757,94.19844208,Minor injury,1.0,1.0,Single carriageway,Fine no high winds,Daylight,Assam,Jorhat
6016.0,2018-09-13,12:00,26.76057762,94.170746,Minor injury,1.0,1.0,Single carriageway,Fine no high winds,Daylight,Assam,Jorhat
6017.0,2018-09-13,08:50,26.75964528,94.23189256,Minor injury,2.0,1.0,Dual carriageway,Fine no high winds,Daylight,Assam,Jorhat
6018.0,2018-07-26,08:07,26.74597883,94.21454699,Minor injury,2.0,1.0,Single carriageway,Fine no high winds,Daylight,Assam,Jorhat
6019.0,2018-09-12,18:25,26.72721644,94.21546026,Minor injury,2.0,1.0,Slip road,Fine no high winds,Daylight,Assam,Jorhat
6020.0,2018-09-04,12:34,26.76656972,94.20956258,Minor injury,1.0,1.0,Single carriageway,Fine no high winds,Daylight,Assam,Jorhat
6021.0,2018-09-16,16:10,26.7678982,94.19296191,Minor injury,1.0,1.0,Single carriageway,Fine no high winds,Daylight,Assam,Jorhat
6022.0,2018-09-26,13:10,26.71965721,94.19601511,Minor injury,2.0,1.0,Single carriageway,Fine no high winds,Daylight,Assam,Jorhat
6023.0,2018-09-11,18:50,26.7617403,94.19970296,Minor injury,2.0,1.0,Single carriageway,Fine no high winds,Daylight,Assam,Jorhat
6024.0,2018-09-17,05:30,26.7671439,94.18265253,Minor injury,1.0,1.0,Single carriageway,Fine no high winds,Darkness - lights lit,Assam,Jorhat
6025.0,2018-09-10,14:30,26.76001254,94.21375138,Serious injury,2.0,1.0,Dual carriageway,Fine no high winds,Daylight,Assam,Jorhat
6026.0,2018-09-01,16:30,26.73934112,94.18916388,Minor injury,1.0,1.0,Single carriageway,Fine no high winds,Daylight,Assam,Jorhat
6027.0,2018-09-17,13:13,26.7476676,94.20542755,Minor injury,2.0,2.0,Roundabout,Fine no high winds,Daylight,Assam,Jorhat
6028.0,2018-09-17,14:15,26.73986914,94.21686052,Serious injury,2.0,1.0,Single carriageway,Fine no high winds,Daylight,Assam,Jorhat
6029.0,2018-09-23,16:50,26.74430999,94.20674308,Minor injury,2.0,3.0,Dual carriageway,Fine no high winds,Daylight,Assam,Jorhat
6030.0,2018-09-23,19:10,26.76797239,94.19042522,Minor injury,2.0,2.0,Dual carriageway,Fine no high winds,Darkness - lights lit,Assam,Jorhat
6031.0,2018-09-27,09:25,26.7487337,94.2028626,Minor injury,2.0,1.0,Slip road,Fine no high winds,Daylight,Assam,Jorhat
6032.0,2018-08-21,19:45,26.72866067,94.21338481,Minor injury,2.0,1.0,Dual carriageway,Fine no high winds,Daylight,Assam,Jorhat
6033.0,2018-09-20,16:29,26.74173395,94.19867317,Minor injury,2.0,1.0,Single carriageway,Fine no high winds,Daylight,Assam,Jorhat
6034.0,2018-09-21,22:50,26.73501476,94.21246752,Minor injury,2.0,2.0,Dual carriageway,Fine no high winds,Darkness - lights lit,Assam,Jorhat
6035.0,2018-09-18,16:30,26.72510618,94.16969043,Minor injury,2.0,1.0,Dual carriageway,Fine no high winds,Daylight,Assam,Jorhat
6036.0,2018-09-03,20:36,26.76578418,94.18257536,Minor injury,3.0,1.0,One way street,Fine no high winds,Darkness - lights lit,Assam,Jorhat
6037.0,2018-09-29,18:04,26.7513415,94.21204181,Minor injury,2.0,1.0,Dual carriageway,Fine no high winds,Darkness - lights lit,Assam,Jorhat
6038.0,2018-09-20,20:53,26.76506672,94.17728367,Minor injury,1.0,1.0,Dual carriageway,Fine no high winds,Darkness - lights lit,Assam,Jorhat
6039.0,2018-09-17,21:00,26.76716805,94.18664957,Minor injury,2.0,1.0,One way street,Fine no high winds,Darkness - lights lit,Assam,Jorhat
6040.0,2018-09-19,16:20,26.76850665,94.19061437,Minor injury,2.0,1.0,Dual carriageway,Fine no high winds,Daylight,Assam,Jorhat
6041.0,2018-09-06,17:45,26.75765907,94.17385728,Minor injury,1.0,1.0,Single carriageway,Fine no high winds,Daylight,Assam,Jorhat
6042.0,2018-09-23,15:34,26.71985069,94.21331681,Minor injury,2.0,3.0,Roundabout,Fine no high winds,Daylight,Assam,Jorhat
6043.0,2018-09-23,09:55,26.74677905,94.22255804,Minor injury,3.0,1.0,Single carriageway,Fine no high winds,Daylight,Assam,Jorhat
6044.0,2018-09-22,07:15,26.7668135,94.23028523,Minor injury,2.0,1.0,Single carriageway,Fine no high winds,Daylight,Assam,Jorhat
6045.0,2018-09-22,11:40,26.72307834,94.18836288,Minor injury,2.0,1.0,Single carriageway,Fine no high winds,Daylight,Assam,Jorhat
6046.0,2018-09-23,16:49,26.72022057,94.18072971,Minor injury,2.0,1.0,Single carriageway,Fine no high winds,Daylight,Assam,Jorhat
6047.0,2018-09-06,12:00,26.75305175,94.18200137,Serious injury,3.0,1.0,Slip road,Fine no high winds,Daylight,Assam,Jorhat
6048.0,2018-09-21,19:03,26.74239614,94.21726628,Minor injury,2.0,1.0,Single carriageway,Fine no high winds,Daylight,Assam,Jorhat
6049.0,2018-10-06,14:30,26.76116919,94.21382738,Minor injury,2.0,1.0,Single carriageway,Fine no high winds,Daylight,Assam,Jorhat
6050.0,2018-09-22,17:00,26.75629462,94.2038632,Minor injury,1.0,1.0,Single carriageway,Fine no high winds,Daylight,Assam,Jorhat
6051.0,2018-10-10,09:17,26.73861355,94.20352746,Minor injury,2.0,1.0,Dual carriageway,Fine no high winds,Daylight,Assam,Jorhat
6052.0,2018-10-02,05:40,26.72416653,94.18498652,Minor injury,2.0,1.0,Single carriageway,Fine no high winds,Darkness - lights lit,Assam,Jorhat
6053.0,2018-09-28,13:20,26.72404225,94.22096789,Minor injury,2.0,1.0,Single carriageway,Fine no high winds,Daylight,Assam,Jorhat
6054.0,2018-09-10,12:50,26.75727934,94.22969266,Minor injury,2.0,1.0,Single carriageway,Fine no high winds,Daylight,Assam,Jorhat
6055.0,2018-09-24,16:50,26.73641772,94.18979241,Minor injury,2.0,1.0,Single carriageway,Fine no high winds,Daylight,Assam,Jorhat
6056.0,2018-09-28,18:00,26.73998037,94.2033828,Serious injury,2.0,1.0,Dual carriageway,Fine no high winds,Daylight,Assam,Jorhat
6057.0,2018-09-13,09:51,26.73580574,94.20700618,Minor injury,2.0,1.0,Single carriageway,Fine no high winds,Daylight,Assam,Jorhat
6058.0,2018-05-11,17:02,26.75465758,94.18149876,Minor injury,2.0,1.0,Dual carriageway,Fine no high winds,Daylight,Assam,Jorhat
6059.0,2018-09-15,13:45,26.74474842,94.18921843,Minor injury,4.0,2.0,Single carriageway,Raining no high winds,Daylight,Assam,Jorhat
6060.0,2018-09-15,16:55,26.75082719,94.19681596,Minor injury,2.0,1.0,Single carriageway,Fine no high winds,Daylight,Assam,Jorhat
6061.0,2018-09-27,11:59,26.7671606,94.20074168,Minor injury,1.0,1.0,Single carriageway,Fine no high winds,Daylight,Assam,Jorhat
6062.0,2018-09-11,15:50,26.76461707,94.20701442,Minor injury,1.0,1.0,Dual carriageway,Fine no high winds,Daylight,Assam,Jorhat
6063.0,2018-09-27,18:00,26.76018293,94.18678722,Minor injury,2.0,1.0,Single carriageway,Fine no high winds,Daylight,Assam,Jorhat
6064.0,2018-09-30,09:00,26.72937782,94.18725727,Minor injury,2.0,1.0,Single carriageway,Raining no high winds,Daylight,Assam,Jorhat
6065.0,2018-09-29,15:51,26.72082223,94.1816942,Minor injury,1.0,1.0,Single carriageway,Fine no high winds,Daylight,Assam,Jorhat
6066.0,2018-09-16,09:40,26.73003322,94.22740461,Minor injury,2.0,1.0,Single carriageway,Fine no high winds,Daylight,Assam,Jorhat
6067.0,2018-10-03,15:30,26.76413429,94.22874165,Minor injury,2.0,2.0,Dual carriageway,Fine no high winds,Daylight,Assam,Jorhat
6068.0,2018-10-05,09:10,26.74040058,94.21082515,Minor injury,1.0,1.0,Single carriageway,Fine no high winds,Daylight,Assam,Jorhat
6069.0,2018-10-12,20:05,26.76526792,94.176351,Minor injury,2.0,2.0,Single carriageway,Fine no high winds,Darkness - lights lit,Assam,Jorhat
6070.0,2018-09-10,05:45,26.73191246,94.22348674,Minor injury,1.0,1.0,Single carriageway,Fine no high winds,Darkness - lights lit,Assam,Jorhat
6071.0,2018-10-10,09:10,26.75957648,94.2241568,Minor injury,1.0,1.0,Dual carriageway,Fine no high winds,Daylight,Assam,Jorhat
6072.0,2018-10-05,16:30,26.73756461,94.20599571,Minor injury,2.0,2.0,Dual carriageway,Fine no high winds,Daylight,Assam,Jorhat
6073.0,2018-10-07,13:30,26.74205527,94.19372038,Minor injury,2.0,1.0,Single carriageway,Fine no high winds,Daylight,Assam,Jorhat
6074.0,2018-10-07,15:51,26.74023506,94.22986066,Minor injury,1.0,1.0,One way street,Fine no high winds,Daylight,Assam,Jorhat
6075.0,2018-04-10,15:00,26.7276312,94.1905594,Minor injury,1.0,1.0,Single carriageway,Fine no high winds,Daylight,Assam,Jorhat
6076.0,2018-10-09,19:57,26.73707364,94.19764844,Minor injury,2.0,4.0,Single carriageway,Fine no high winds,Darkness - lights lit,Assam,Jorhat
6077.0,2018-10-07,18:30,26.71974233,94.19170029,Minor injury,2.0,1.0,Dual carriageway,Fine no high winds,Darkness - lights lit,Assam,Jorhat
6078.0,2018-10-08,20:23,26.73033369,94.18055414,Minor injury,2.0,1.0,Dual carriageway,Raining no high winds,Darkness - lights lit,Assam,Jorhat
6079.0,2018-10-14,08:20,26.73774,94.17626886,Minor injury,2.0,1.0,Single carriageway,Fine no high winds,Daylight,Assam,Jorhat
6080.0,2018-10-03,18:20,26.75101292,94.19599208,Minor injury,2.0,1.0,Single carriageway,Fine no high winds,Darkness - lights lit,Assam,Jorhat
6081.0,2018-09-29,15:03,26.71885065,94.21430723,Minor injury,2.0,1.0,Single carriageway,Fine no high winds,Daylight,Assam,Jorhat
6082.0,2018-10-10,09:33,26.75658349,94.21783546,Minor injury,1.0,1.0,Single carriageway,Fine no high winds,Daylight,Assam,Jorhat
6083.0,2018-10-08,10:10,26.74618739,94.22548485,Minor injury,2.0,1.0,Single carriageway,Fine no high winds,Daylight,Assam,Jorhat
6084.0,2018-09-30,19:40,26.71822457,94.1929217,Minor injury,2.0,1.0,Single carriageway,Fine no high winds,Daylight,Assam,Jorhat
6085.0,2018-10-05,15:30,26.72004124,94.19540754,Minor injury,1.0,1.0,Single carriageway,Fine no high winds,Daylight,Assam,Jorhat
6086.0,2018-10-11,08:48,26.73042526,94.18818391,Minor injury,1.0,1.0,Single carriageway,Fine no high winds,Daylight,Assam,Jorhat
6087.0,2018-08-17,18:43,26.73251032,94.19166589,Serious injury,2.0,1.0,Dual carriageway,Fine no high winds,Daylight,Assam,Jorhat
6088.0,2018-10-16,18:20,26.74778659,94.20998481,Minor injury,2.0,1.0,Dual carriageway,Fine no high winds,Darkness - lights lit,Assam,Jorhat
6089.0,2018-10-17,10:45,26.76444443,94.17856073,Serious injury,2.0,1.0,Single carriageway,Fine no high winds,Daylight,Assam,Jorhat
6090.0,2018-10-21,15:30,26.7347038,94.22411137,Minor injury,2.0,2.0,Single carriageway,Fine no high winds,Daylight,Assam,Jorhat
6091.0,2018-10-15,19:50,26.71902932,94.19497602,Minor injury,1.0,2.0,Single carriageway,Fine no high winds,Daylight,Assam,Jorhat
6092.0,2018-10-17,13:35,26.76498436,94.20434891,Minor injury,2.0,1.0,Single carriageway,Fine no high winds,Daylight,Assam,Jorhat
6093.0,2018-09-25,03:00,26.72001148,94.18122143,Minor injury,1.0,1.0,One way street,Fine no high winds,Darkness - lights lit,Assam,Jorhat
6094.0,2018-06-23,10:15,26.76534109,94.17432643,Minor injury,2.0,2.0,Single carriageway,Fine no high winds,Daylight,Assam,Jorhat
6095.0,2018-07-14,16:00,26.74971876,94.22559175,Minor injury,1.0,2.0,Single carriageway,Fine no high winds,Daylight,Assam,Jorhat
6096.0,2018-10-13,07:23,26.76460439,94.18446763,Serious injury,1.0,2.0,Dual carriageway,Raining no high winds,Daylight,Assam,Jorhat
6097.0,2018-06-13,09:00,26.75830876,94.19563758,Minor injury,2.0,1.0,Single carriageway,Fine no high winds,Daylight,Assam,Jorhat
6098.0,2018-10-14,17:20,26.73606247,94.20938867,Minor injury,2.0,1.0,Dual carriageway,Fine no high winds,Daylight,Assam,Jorhat
6099.0,2018-10-20,09:17,26.74607504,94.23167637,Serious injury,1.0,1.0,Single carriageway,Raining no high winds,Daylight,Assam,Jorhat
6100.0,2018-10-17,13:46,26.76390693,94.17705807,Minor injury,1.0,2.0,Single carriageway,Fine no high winds,Daylight,Assam,Jorhat
6101.0,2018-09-15,22:20,26.73344415,94.23175828,Minor injury,2.0,1.0,Single carriageway,Raining no high winds,Darkness - lights lit,Assam,Jorhat
6102.0,2018-10-24,15:58,26.72176217,94.21764498,Minor injury,1.0,2.0,Single carriageway,Raining no high winds,Daylight,Assam,Jorhat
6103.0,2018-10-20,07:40,26.76848115,94.18027295,Minor injury,2.0,1.0,Dual carriageway,Fine no high winds,Daylight,Assam,Jorhat
6104.0,2018-10-19,15:20,26.76533311,94.21402474,Minor injury,3.0,1.0,Single carriageway,Fine no high winds,Daylight,Assam,Jorhat
6105.0,2018-10-17,10:15,26.76698619,94.19000037,Minor injury,2.0,1.0,Single carriageway,Fine no high winds,Daylight,Assam,Jorhat
6106.0,2018-10-17,16:30,26.72971243,94.20852956,Minor injury,3.0,2.0,Single carriageway,Fine no high winds,Daylight,Assam,Jorhat
6107.0,2018-10-15,01:20,26.73725889,94.21806904,Serious injury,2.0,1.0,Single carriageway,Fine no high winds,Darkness - lights lit,Assam,Jorhat
6108.0,2018-10-24,16:45,26.7292635,94.19411882,Minor injury,2.0,1.0,Single carriageway,Fine no high winds,Daylight,Assam,Jorhat
6109.0,2018-07-26,17:50,26.74114538,94.22831083,Minor injury,2.0,1.0,Single carriageway,Fine no high winds,Daylight,Assam,Jorhat
6110.0,2018-10-26,17:30,26.74093616,94.22234457,Minor injury,2.0,1.0,Single carriageway,Fine no high winds,Daylight,Assam,Jorhat
6111.0,2018-10-23,17:37,26.71974029,94.22469236,Serious injury,1.0,1.0,Single carriageway,Fine no high winds,Daylight,Assam,Jorhat
6112.0,2018-10-28,21:25,26.75674309,94.22900935,Minor injury,1.0,1.0,Single carriageway,Fine no high winds,Darkness - lights lit,Assam,Jorhat
6113.0,2018-09-15,07:30,26.74823629,94.18350736,Minor injury,2.0,1.0,Single carriageway,Fine no high winds,Daylight,Assam,Jorhat
6114.0,2018-10-26,13:00,26.75646411,94.20794477,Minor injury,1.0,1.0,Single carriageway,Fine no high winds,Daylight,Assam,Jorhat
6115.0,2018-10-27,05:35,26.7625745,94.19334196,Minor injury,2.0,1.0,Single carriageway,Fine no high winds,Darkness - lights lit,Assam,Jorhat
6116.0,2018-10-14,08:59,26.76128475,94.18927185,Minor injury,2.0,1.0,Single carriageway,Fine no high winds,Daylight,Assam,Jorhat
6117.0,2018-10-14,16:30,26.72767654,94.18519897,Minor injury,1.0,1.0,Single carriageway,Fine no high winds,Daylight,Assam,Jorhat
6118.0,2018-10-10,08:25,26.71785688,94.1888222,Minor injury,2.0,1.0,Roundabout,Fine no high winds,Daylight,Assam,Jorhat
6119.0,2018-10-23,13:20,26.73662198,94.21830486,Minor injury,2.0,1.0,Single carriageway,Fine no high winds,Daylight,Assam,Jorhat
6120.0,2018-09-13,16:25,26.73765805,94.22965483,Minor injury,1.0,1.0,Single carriageway,Fine no high winds,Daylight,Assam,Jorhat
6121.0,2018-10-23,11:12,26.76763833,94.22503882,Minor injury,2.0,1.0,Single carriageway,Raining no high winds,Daylight,Assam,Jorhat
6122.0,2018-11-03,10:00,26.73575069,94.21505558,Minor injury,2.0,1.0,Single carriageway,Raining no high winds,Daylight,Assam,Jorhat
6123.0,2018-11-04,19:00,26.76857353,94.22640891,Minor injury,2.0,1.0,Single carriageway,Fine no high winds,Darkness - lights lit,Assam,Jorhat
6124.0,2018-10-21,18:30,26.74592048,94.20333329,Minor injury,2.0,1.0,Single carriageway,Fine no high winds,Darkness - lights lit,Assam,Jorhat
6125.0,2018-10-25,11:15,26.74682842,94.18765841,Minor injury,2.0,1.0,Single carriageway,Fine no high winds,Daylight,Assam,Jorhat
6126.0,2018-10-25,23:50,26.74516434,94.18289927,Minor injury,2.0,1.0,Single carriageway,Fine no high winds,Darkness - lights lit,Assam,Jorhat
6127.0,2018-10-12,17:08,26.73946101,94.20055324,Minor injury,2.0,1.0,Single carriageway,Raining no high winds,Daylight,Assam,Jorhat
6128.0,2018-10-24,14:00,26.7343934,94.23102254,Minor injury,2.0,1.0,Single carriageway,Raining no high winds,Daylight,Assam,Jorhat
6129.0,2018-11-03,19:30,26.73783888,94.21832667,Minor injury,2.0,1.0,Single carriageway,Fine no high winds,Darkness - lights lit,Assam,Jorhat
6130.0,2018-10-23,20:50,26.75767725,94.2303616,Minor injury,1.0,1.0,Single carriageway,Fine no high winds,Darkness - lights lit,Assam,Jorhat
6131.0,2018-11-09,08:15,26.74596197,94.21446696,Minor injury,3.0,2.0,Single carriageway,Fine no high winds,Daylight,Assam,Jorhat
6132.0,2018-11-11,09:20,26.73078412,94.22542769,Minor injury,2.0,1.0,Single carriageway,Fine no high winds,Daylight,Assam,Jorhat
6133.0,2018-10-27,14:28,26.72252957,94.20946783,Minor injury,1.0,1.0,Single carriageway,Fine no high winds,Daylight,Assam,Jorhat
6134.0,2018-10-25,15:25,26.74233423,94.22772993,Minor injury,1.0,1.0,Dual carriageway,Fine no high winds,Daylight,Assam,Jorhat
6135.0,2018-10-28,17:33,26.75312244,94.19472404,Minor injury,2.0,1.0,Single carriageway,Fine no high winds,Daylight,Assam,Jorhat
6136.0,2018-10-25,16:30,26.74707648,94.22338132,Minor injury,2.0,1.0,Dual carriageway,Fine no high winds,Daylight,Assam,Jorhat
6137.0,2018-10-28,09:15,26.76924018,94.17258161,Serious injury,1.0,1.0,One way street,Raining no high winds,Daylight,Assam,Jorhat
6138.0,2018-10-29,18:24,26.73081161,94.20959375,Minor injury,1.0,1.0,Single carriageway,Fine no high winds,Darkness - lights lit,Assam,Jorhat
6139.0,2018-10-29,18:39,26.74249506,94.19669236,Minor injury,2.0,1.0,Dual carriageway,Fine no high winds,Darkness - lights lit,Assam,Jorhat
6140.0,2018-09-28,22:35,26.731757,94.21406154,Minor injury,2.0,1.0,Single carriageway,Raining no high winds,Darkness - lights lit,Assam,Jorhat
6141.0,2018-10-27,17:05,26.76062413,94.17110268,Minor injury,2.0,1.0,Single carriageway,Fine no high winds,Daylight,Assam,Jorhat
6142.0,2018-11-04,14:07,26.72687211,94.20964542,Minor injury,2.0,1.0,Single carriageway,Fine no high winds,Daylight,Assam,Jorhat
6143.0,2018-11-07,19:20,26.76291627,94.17995369,Minor injury,2.0,1.0,Single carriageway,Fine no high winds,Darkness - lights lit,Assam,Jorhat
6144.0,2018-10-30,14:23,26.75556059,94.18627956,Minor injury,1.0,1.0,Single carriageway,Fine no high winds,Daylight,Assam,Jorhat
6145.0,2018-11-03,16:15,26.7679575,94.22371172,Minor injury,2.0,1.0,Single carriageway,Fine no high winds,Daylight,Assam,Jorhat
6146.0,2018-11-04,16:30,26.74159925,94.18882419,Minor injury,1.0,1.0,Single carriageway,Fine no high winds,Daylight,Assam,Jorhat
6147.0,2018-10-30,21:09,26.75970056,94.20497921,Minor injury,1.0,2.0,Single carriageway,Fine no high winds,Darkness - lights lit,Assam,Jorhat
6148.0,2018-11-02,08:00,26.71963303,94.20645274,Minor injury,1.0,1.0,Dual carriageway,Fine no high winds,Daylight,Assam,Jorhat
6149.0,2018-11-02,09:25,26.76812776,94.20502212,Minor injury,2.0,1.0,Dual carriageway,Fine no high winds,Daylight,Assam,Jorhat
6150.0,2018-11-06,06:36,26.75911439,94.17423268,Minor injury,1.0,1.0,Single carriageway,Fine no high winds,Darkness - lighting unknown,Assam,Jorhat
6151.0,2018-09-26,08:20,26.75927532,94.19765205,Minor injury,3.0,1.0,Single carriageway,Fine no high winds,Daylight,Assam,Jorhat
6152.0,2018-10-24,15:50,26.74580949,94.17014735,Minor injury,2.0,1.0,Single carriageway,Fine no high winds,Daylight,Assam,Jorhat
6153.0,2018-11-06,21:30,26.75154919,94.18713485,Minor injury,1.0,1.0,Single carriageway,Other,Darkness - lights lit,Assam,Jorhat
6154.0,2018-11-04,16:25,26.73769822,94.19254804,Minor injury,2.0,3.0,Single carriageway,Fine no high winds,Daylight,Assam,Jorhat
6155.0,2018-11-14,15:10,26.76394494,94.21138551,Minor injury,1.0,1.0,Single carriageway,Fine no high winds,Daylight,Assam,Jorhat
6156.0,2018-11-04,18:45,26.75001266,94.18812751,Minor injury,2.0,1.0,Single carriageway,Fine no high winds,Darkness - lights lit,Assam,Jorhat
6157.0,2018-11-07,19:20,26.76898227,94.18374028,Serious injury,2.0,1.0,Single carriageway,Fine no high winds,Darkness - lights lit,Assam,Jorhat
6158.0,2018-11-14,00:18,26.76138727,94.21003663,Minor injury,3.0,3.0,Single carriageway,Fine no high winds,Darkness - lights lit,Assam,Jorhat
6159.0,2018-11-08,19:20,26.72279145,94.22621948,Minor injury,1.0,1.0,Roundabout,Fine no high winds,Darkness - lights lit,Assam,Jorhat
6160.0,2018-11-15,06:48,26.73958233,94.18299389,Minor injury,2.0,1.0,Roundabout,Raining no high winds,Darkness - lights lit,Assam,Jorhat
6161.0,2018-11-12,19:10,26.74354751,94.17049661,Minor injury,2.0,1.0,One way street,Fine no high winds,Darkness - lights lit,Assam,Jorhat
6162.0,2018-11-09,15:30,26.76320712,94.19653545,Minor injury,2.0,1.0,Single carriageway,Fine no high winds,Daylight,Assam,Jorhat
6163.0,2018-11-09,11:35,26.73171737,94.20556321,Minor injury,1.0,1.0,Single carriageway,Fine no high winds,Daylight,Assam,Jorhat
6164.0,2018-10-30,13:15,26.72094156,94.22892584,Minor injury,1.0,1.0,One way street,Fine no high winds,Daylight,Assam,Jorhat
6165.0,2018-11-17,20:30,26.7593484,94.17931522,Minor injury,2.0,1.0,Single carriageway,Fine no high winds,Darkness - lights lit,Assam,Jorhat
6166.0,2018-11-13,07:45,26.75698688,94.2073964,Minor injury,2.0,2.0,Dual carriageway,Fine no high winds,Daylight,Assam,Jorhat
6167.0,2018-11-16,17:00,26.76813228,94.20609829,Minor injury,2.0,1.0,Single carriageway,Fine no high winds,Darkness - lights lit,Assam,Jorhat
6168.0,2018-11-16,13:31,26.74606209,94.19976166,Minor injury,3.0,1.0,Dual carriageway,Fine no high winds,Daylight,Assam,Jorhat
6169.0,2018-11-03,17:48,26.76132605,94.17957685,Minor injury,2.0,1.0,Single carriageway,Fine no high winds,Darkness - lights lit,Assam,Jorhat
6170.0,2018-11-15,08:10,26.74441395,94.22615791,Minor injury,2.0,1.0,Single carriageway,Raining no high winds,Daylight,Assam,Jorhat
6171.0,2018-11-09,22:49,26.76081306,94.18188898,Minor injury,1.0,3.0,Single carriageway,Fine no high winds,Darkness - lights lit,Assam,Jorhat
6172.0,2018-11-10,12:29,26.76474857,94.17786011,Minor injury,1.0,1.0,Single carriageway,Fine no high winds,Daylight,Assam,Jorhat
6173.0,2018-11-04,14:30,26.75208852,94.20497243,Minor injury,2.0,1.0,Single carriageway,Fine no high winds,Daylight,Assam,Jorhat
6174.0,2018-11-11,19:00,26.76411987,94.22955597,Minor injury,2.0,1.0,Single carriageway,Fine no high winds,Darkness - lights lit,Assam,Jorhat
6175.0,2018-11-02,20:14,26.75107326,94.192018,Minor injury,2.0,1.0,Single carriageway,Fine no high winds,Darkness - lights lit,Assam,Jorhat
6176.0,2018-11-05,17:00,26.74581993,94.20258425,Minor injury,2.0,1.0,Single carriageway,Raining no high winds,Darkness - lights lit,Assam,Jorhat
6177.0,2018-11-01,17:00,26.72540084,94.21330474,Minor injury,2.0,1.0,Single carriageway,Fine no high winds,Daylight,Assam,Jorhat
6178.0,2018-11-24,12:00,26.76877869,94.21628302,Minor injury,1.0,1.0,Single carriageway,Fine no high winds,Daylight,Assam,Jorhat
6179.0,2018-11-11,17:52,26.72664472,94.19319961,Minor injury,2.0,1.0,Dual carriageway,Other,Darkness - lights lit,Assam,Jorhat
6180.0,2018-11-11,22:44,26.76889997,94.20751707,Minor injury,1.0,1.0,Single carriageway,Fine no high winds,Darkness - lights lit,Assam,Jorhat
6181.0,2018-11-14,14:58,26.73697558,94.20826805,Minor injury,2.0,1.0,Single carriageway,Fine no high winds,Daylight,Assam,Jorhat
6182.0,2018-11-23,22:20,26.73861159,94.16725458,Minor injury,2.0,1.0,Single carriageway,Fine no high winds,Darkness - lights lit,Assam,Jorhat
6183.0,2018-11-20,09:00,26.74127972,94.22189729,Minor injury,2.0,1.0,Dual carriageway,Fine no high winds,Daylight,Assam,Jorhat
6184.0,2018-11-14,08:45,26.762807,94.17839732,Minor injury,4.0,1.0,Dual carriageway,Fine no high winds,Daylight,Assam,Jorhat
6185.0,2018-11-23,23:58,26.76084434,94.21785919,Minor injury,2.0,1.0,Single carriageway,Fine no high winds,Darkness - lights lit,Assam,Jorhat
6186.0,2018-11-21,16:45,26.73534991,94.19752541,Minor injury,2.0,1.0,Dual carriageway,Fine no high winds,Daylight,Assam,Jorhat
6187.0,2018-11-22,16:49,26.7560585,94.21542821,Minor injury,2.0,1.0,Single carriageway,Fine no high winds,Darkness - lights lit,Assam,Jorhat
6188.0,2018-11-21,19:34,26.73905677,94.2295477,Serious injury,1.0,3.0,Single carriageway,Fine no high winds,Darkness - lights lit,Assam,Jorhat
6189.0,2018-11-30,18:10,26.73768062,94.17734032,Minor injury,2.0,1.0,Single carriageway,Fine no high winds,Darkness - lights lit,Assam,Jorhat
6190.0,2018-10-26,15:20,26.73470779,94.21920537,Minor injury,2.0,1.0,Dual carriageway,Fine no high winds,Daylight,Assam,Jorhat
6191.0,2018-11-16,18:15,26.72286297,94.19968566,Minor injury,2.0,1.0,Dual carriageway,Fine no high winds,Darkness - lights lit,Assam,Jorhat
6192.0,2018-11-16,16:00,26.72717464,94.20033493,Minor injury,2.0,1.0,Single carriageway,Fine no high winds,Daylight,Assam,Jorhat
6193.0,2018-11-22,18:50,26.76169561,94.20783655,Minor injury,1.0,1.0,Single carriageway,Fine no high winds,Darkness - lights unlit,Assam,Jorhat
6194.0,2018-10-01,15:04,26.75829049,94.20576992,Minor injury,1.0,1.0,Single carriageway,Fine no high winds,Daylight,Assam,Jorhat
6195.0,2018-11-25,08:00,26.76306258,94.22916082,Minor injury,2.0,1.0,Single carriageway,Fine no high winds,Daylight,Assam,Jorhat
6196.0,2018-11-08,16:05,26.73907298,94.19077221,Minor injury,1.0,1.0,Single carriageway,Fine no high winds,Darkness - lights lit,Assam,Jorhat
6197.0,2018-11-24,07:40,26.73952179,94.18804061,Serious injury,1.0,1.0,Dual carriageway,Fine no high winds,Daylight,Assam,Jorhat
6198.0,2018-11-18,17:15,26.7358094,94.20620459,Minor injury,2.0,3.0,Single carriageway,Fine no high winds,Darkness - lights unlit,Assam,Jorhat
6199.0,2018-11-04,18:15,26.74241541,94.18464353,Minor injury,2.0,1.0,Single carriageway,Fine no high winds,Darkness - lights lit,Assam,Jorhat
6200.0,2018-11-30,18:10,26.74294877,94.16884011,Minor injury,3.0,1.0,Dual carriageway,Fine no high winds,Darkness - lights lit,Assam,Jorhat
6201.0,2018-11-18,12:23,26.73300195,94.16937201,Minor injury,2.0,1.0,Single carriageway,Fine no high winds,Daylight,Assam,Jorhat
6202.0,2018-11-18,10:41,26.73965355,94.19256673,Minor injury,2.0,1.0,Single carriageway,Fine no high winds,Daylight,Assam,Jorhat
6203.0,2018-11-15,10:50,26.74182096,94.20768346,Minor injury,2.0,1.0,Single carriageway,Fine no high winds,Daylight,Assam,Jorhat
6204.0,2018-11-25,11:45,26.73935793,94.16913183,Minor injury,1.0,1.0,Single carriageway,Fine no high winds,Daylight,Assam,Jorhat
6205.0,2018-11-28,10:45,26.76540079,94.19342156,Minor injury,1.0,1.0,Single carriageway,Fine no high winds,Daylight,Assam,Jorhat
6206.0,2018-11-17,11:45,26.75996737,94.21569388,Minor injury,2.0,1.0,Single carriageway,Fine no high winds,Daylight,Assam,Jorhat
6207.0,2018-11-26,18:00,26.72327211,94.20169024,Minor injury,2.0,1.0,One way street,Fine no high winds,Darkness - lights lit,Assam,Jorhat
6208.0,2018-11-16,10:30,26.75580559,94.22755248,Minor injury,2.0,2.0,Dual carriageway,Fine no high winds,Daylight,Assam,Jorhat
6209.0,2018-11-28,18:00,26.74602378,94.19688154,Minor injury,2.0,1.0,Dual carriageway,Fine no high winds,Darkness - lights lit,Assam,Jorhat
6210.0,2018-11-16,11:45,26.73418414,94.18290754,Minor injury,2.0,1.0,Single carriageway,Fine no high winds,Daylight,Assam,Jorhat
6211.0,2018-11-21,16:16,26.74805528,94.21208179,Minor injury,2.0,1.0,One way street,Fine no high winds,Darkness - lights lit,Assam,Jorhat
6212.0,2018-11-23,15:15,26.75858733,94.2114615,Minor injury,2.0,1.0,Dual carriageway,Fine no high winds,Daylight,Assam,Jorhat
6213.0,2018-11-29,13:01,26.75098824,94.22495893,Minor injury,2.0,1.0,Roundabout,Fine no high winds,Daylight,Assam,Jorhat
6214.0,2018-12-09,15:00,26.72804261,94.18213147,Minor injury,2.0,1.0,Single carriageway,Fine no high winds,Daylight,Assam,Jorhat
6215.0,2018-11-22,15:07,26.76675105,94.18409893,Minor injury,1.0,1.0,Dual carriageway,Fine no high winds,Daylight,Assam,Jorhat
6216.0,2018-11-30,08:55,26.7533851,94.1903438,Minor injury,2.0,1.0,Dual carriageway,Raining no high winds,Daylight,Assam,Jorhat
6217.0,2018-06-14,08:28,26.72744975,94.2114224,Serious injury,1.0,1.0,Single carriageway,Fine no high winds,Daylight,Assam,Jorhat
6218.0,2018-11-18,15:00,26.75016835,94.18653954,Minor injury,1.0,1.0,Single carriageway,Fine no high winds,Daylight,Assam,Jorhat
6219.0,2018-12-08,16:29,26.76952952,94.21704734,Minor injury,2.0,1.0,Single carriageway,Fine no high winds,Darkness - lights lit,Assam,Jorhat
6220.0,2018-12-11,16:54,26.75310551,94.20591889,Minor injury,1.0,1.0,Single carriageway,Fine no high winds,Darkness - lights lit,Assam,Jorhat
6221.0,2018-12-11,14:19,26.72897098,94.21374665,Minor injury,2.0,1.0,Single carriageway,Fine no high winds,Daylight,Assam,Jorhat
6222.0,2018-12-04,19:20,26.73553634,94.23175675,Minor injury,2.0,1.0,Single carriageway,Fine no high winds,Darkness - lights lit,Assam,Jorhat
6223.0,2018-12-15,08:24,26.73025792,94.1893359,Serious injury,2.0,1.0,Single carriageway,Fine no high winds,Daylight,Assam,Jorhat
6224.0,2018-12-16,09:45,26.73292078,94.1816036,Minor injury,3.0,1.0,Single carriageway,Fine no high winds,Daylight,Assam,Jorhat
6225.0,2018-11-02,17:15,26.73792392,94.20883252,Minor injury,2.0,1.0,Single carriageway,Fine no high winds,Daylight,Assam,Jorhat
6226.0,2018-12-08,14:46,26.72317386,94.16797894,Minor injury,2.0,1.0,Single carriageway,Fine no high winds,Daylight,Assam,Jorhat
6227.0,2018-11-29,15:05,26.74039729,94.1683025,Minor injury,1.0,1.0,Single carriageway,Fine no high winds,Daylight,Assam,Jorhat
6228.0,2018-11-30,18:00,26.74659101,94.17611733,Minor injury,2.0,1.0,Single carriageway,Fine no high winds,Darkness - lights lit,Assam,Jorhat
6229.0,2018-12-19,17:26,26.7209396,94.19116459,Minor injury,2.0,1.0,Single carriageway,Fine no high winds,Darkness - lights lit,Assam,Jorhat
6230.0,2018-12-19,12:30,26.75222065,94.19475673,Serious injury,1.0,1.0,Single carriageway,Fine no high winds,Daylight,Assam,Jorhat
6231.0,2018-12-15,15:05,26.73012913,94.18354497,Serious injury,1.0,1.0,Single carriageway,Fine no high winds,Daylight,Assam,Jorhat
6232.0,2018-12-16,15:30,26.73033817,94.21947376,Minor injury,2.0,1.0,Single carriageway,Fine no high winds,Daylight,Assam,Jorhat
6233.0,2018-12-02,08:50,26.73227831,94.172961,Minor injury,2.0,1.0,Single carriageway,Fine no high winds,Daylight,Assam,Jorhat
6234.0,2018-11-29,11:35,26.73192995,94.21630115,Minor injury,2.0,1.0,Single carriageway,Fine no high winds,Daylight,Assam,Jorhat
6235.0,2018-12-07,00:15,26.76588354,94.21617426,Minor injury,1.0,1.0,Single carriageway,Fine no high winds,Darkness - lights lit,Assam,Jorhat
6236.0,2018-12-08,08:30,26.72946567,94.1868774,Minor injury,1.0,1.0,Single carriageway,Raining no high winds,Daylight,Assam,Jorhat
6237.0,2018-12-10,10:22,26.72075534,94.20619709,Minor injury,2.0,1.0,Single carriageway,Fine no high winds,Daylight,Assam,Jorhat
6238.0,2018-12-01,22:00,26.74407945,94.17512907,Minor injury,2.0,1.0,Single carriageway,Fine no high winds,Darkness - lights lit,Assam,Jorhat
6239.0,2018-12-03,07:04,26.73056797,94.19304108,Minor injury,1.0,1.0,Single carriageway,Fine no high winds,Daylight,Assam,Jorhat
6240.0,2018-12-06,19:57,26.76035815,94.17525598,Serious injury,2.0,1.0,Single carriageway,Fine no high winds,Darkness - lights lit,Assam,Jorhat
6241.0,2018-12-16,18:15,26.76479575,94.17361297,Minor injury,2.0,1.0,Single carriageway,Fine no high winds,Darkness - lights lit,Assam,Jorhat
6242.0,2018-12-08,16:48,26.76929284,94.18099589,Minor injury,2.0,1.0,Single carriageway,Fine no high winds,Darkness - lights lit,Assam,Jorhat
6243.0,2018-12-07,17:00,26.76621092,94.19291806,Minor injury,2.0,1.0,Single carriageway,Fine no high winds,Darkness - lights lit,Assam,Jorhat
6244.0,2018-12-03,11:30,26.72451167,94.22032869,Serious injury,2.0,1.0,Single carriageway,Fine no high winds,Daylight,Assam,Jorhat
6245.0,2018-12-20,14:00,26.72829372,94.19012477,Minor injury,2.0,1.0,Single carriageway,Fine no high winds,Daylight,Assam,Jorhat
6246.0,2018-11-30,11:31,26.72944804,94.22805048,Minor injury,2.0,2.0,Single carriageway,Raining no high winds,Daylight,Assam,Jorhat
6247.0,2018-12-10,17:20,26.76550204,94.22749785,Minor injury,1.0,1.0,Dual carriageway,Fine no high winds,Darkness - lights lit,Assam,Jorhat
6248.0,2018-12-04,04:00,26.75558888,94.22150896,Minor injury,2.0,2.0,Single carriageway,Fine no high winds,Darkness - lights lit,Assam,Jorhat
6249.0,2018-12-02,13:00,26.72680328,94.21013788,Serious injury,2.0,1.0,Single carriageway,Fine no high winds,Daylight,Assam,Jorhat
6250.0,2018-12-08,01:05,26.72462236,94.21076765,Minor injury,1.0,1.0,Dual carriageway,Raining no high winds,Darkness - lights lit,Assam,Jorhat
6251.0,2018-12-13,14:50,26.75169698,94.21726,Minor injury,2.0,1.0,Roundabout,Fine no high winds,Daylight,Assam,Jorhat
6252.0,2018-12-19,14:05,26.73655377,94.17732339,Minor injury,2.0,1.0,Single carriageway,Fine no high winds,Daylight,Assam,Jorhat
6253.0,2018-12-25,01:17,26.76050969,94.22888488,Minor injury,2.0,1.0,Single carriageway,Fine no high winds,Darkness - lights lit,Assam,Jorhat
6254.0,2018-12-22,22:52,26.76216904,94.17542662,Minor injury,2.0,1.0,Single carriageway,Fine no high winds,Darkness - lights lit,Assam,Jorhat
6255.0,2018-12-27,17:30,26.75950302,94.17601348,Minor injury,2.0,1.0,Single carriageway,Fine no high winds,Daylight,Assam,Jorhat
6256.0,2018-12-19,13:40,26.73468164,94.21221201,Minor injury,2.0,1.0,Single carriageway,Fine no high winds,Daylight,Assam,Jorhat
6257.0,2018-12-08,10:30,26.71978353,94.20599428,Minor injury,1.0,1.0,Single carriageway,Other,Daylight,Assam,Jorhat
6258.0,2018-12-21,02:50,26.71841728,94.22406082,Minor injury,1.0,1.0,Single carriageway,Fine no high winds,Darkness - lights lit,Assam,Jorhat
6259.0,2018-12-19,16:54,26.73260244,94.20269746,Minor injury,1.0,1.0,Single carriageway,Fine no high winds,Darkness - lights lit,Assam,Jorhat
6260.0,2018-12-20,14:00,26.74012172,94.17810873,Minor injury,2.0,1.0,Single carriageway,Fine no high winds,Daylight,Assam,Jorhat
6261.0,2018-12-12,13:00,26.75323963,94.1712646,Minor injury,2.0,1.0,Roundabout,Fine no high winds,Daylight,Assam,Jorhat
6262.0,2018-12-05,15:30,26.74497224,94.19582692,Minor injury,2.0,1.0,Single carriageway,Fine no high winds,Darkness - lights lit,Assam,Jorhat
6263.0,2018-10-20,08:20,26.74438016,94.1813502,Minor injury,2.0,1.0,Single carriageway,Fine no high winds,Daylight,Assam,Jorhat
6264.0,2018-12-21,08:30,26.74023649,94.22928824,Minor injury,2.0,1.0,One way street,Fine no high winds,Daylight,Assam,Jorhat
6265.0,2018-12-22,16:00,26.73220992,94.23111075,Minor injury,2.0,1.0,Single carriageway,Fine no high winds,Darkness - lights lit,Assam,Jorhat
6266.0,2018-11-03,22:15,26.7285675,94.21258779,Minor injury,2.0,2.0,Single carriageway,Fine no high winds,Darkness - lights lit,Assam,Jorhat
6267.0,2018-12-19,15:35,26.73389948,94.23142093,Serious injury,2.0,1.0,Single carriageway,Fine no high winds,Darkness - lights lit,Assam,Jorhat
6268.0,2018-12-22,21:03,26.76476422,94.17342236,Minor injury,2.0,2.0,Single carriageway,Fine no high winds,Darkness - lights lit,Assam,Jorhat
6269.0,2018-12-31,07:28,26.71882382,94.19721839,Minor injury,1.0,1.0,Single carriageway,Fine no high winds,Darkness - lights lit,Assam,Jorhat
6270.0,2018-12-29,17:50,26.72563777,94.20271058,Minor injury,2.0,3.0,Single carriageway,Fine no high winds,Darkness - lights lit,Assam,Jorhat
6271.0,2018-12-14,05:25,26.75068415,94.19457962,Minor injury,2.0,1.0,Single carriageway,Raining no high winds,Darkness - lights lit,Assam,Jorhat
6272.0,2018-12-26,18:10,26.75351683,94.19960832,Minor injury,2.0,1.0,Single carriageway,Fine no high winds,Darkness - lights lit,Assam,Jorhat
6273.0,2018-12-24,23:14,26.7336989,94.21443231,Minor injury,2.0,3.0,Single carriageway,Fine no high winds,Darkness - lights lit,Assam,Jorhat
6274.0,2018-12-16,15:41,26.75885445,94.21569731,Minor injury,1.0,2.0,Single carriageway,Fine no high winds,Darkness - lights lit,Assam,Jorhat
6275.0,2018-12-24,06:55,26.74350001,94.19143103,Minor injury,2.0,1.0,Single carriageway,Raining no high winds,Darkness - lights lit,Assam,Jorhat
6276.0,2018-12-23,10:24,26.74317903,94.19862901,Serious injury,1.0,1.0,Single carriageway,Fine no high winds,Daylight,Assam,Jorhat
6277.0,2018-12-24,21:04,26.75965215,94.2040683,Serious injury,2.0,1.0,Single carriageway,Fine no high winds,Darkness - lights lit,Assam,Jorhat
6278.0,2018-12-24,06:00,26.739112,94.22539304,Minor injury,1.0,1.0,Single carriageway,Fine no high winds,Darkness - lights lit,Assam,Jorhat
6279.0,2018-12-27,12:40,26.71763743,94.21711766,Minor injury,2.0,1.0,Single carriageway,Fine no high winds,Daylight,Assam,Jorhat
6280.0,2018-12-28,20:26,26.72159022,94.17758033,Minor injury,2.0,2.0,Single carriageway,Fine no high winds,Darkness - lights lit,Assam,Jorhat
6281.0,2018-12-30,16:00,26.7272526,94.18035275,Minor injury,1.0,1.0,Single carriageway,Fine no high winds,Darkness - lights lit,Assam,Jorhat
6282.0,2018-12-31,17:54,26.72301202,94.17626725,Minor injury,2.0,1.0,Single carriageway,Fine no high winds,Darkness - lights lit,Assam,Jorhat
6283.0,2018-12-23,13:05,26.7298766,94.2127661,Minor injury,3.0,1.0,Single carriageway,Fine no high winds,Daylight,Assam,Jorhat
6284.0,2018-12-30,19:15,26.73010744,94.21406167,Serious injury,1.0,1.0,Single carriageway,Fine no high winds,Darkness - lights lit,Assam,Jorhat
6285.0,2018-12-21,19:45,26.73851591,94.22130541,Minor injury,2.0,1.0,Single carriageway,Fine no high winds,Darkness - lights lit,Assam,Jorhat
6286.0,2018-12-19,08:00,26.73475843,94.23122266,Minor injury,2.0,1.0,Single carriageway,Fine no high winds,Daylight,Assam,Jorhat
6287.0,2018-12-12,12:40,26.75850051,94.21789578,Minor injury,1.0,1.0,Single carriageway,Fine no high winds,Daylight,Assam,Jorhat
6288.0,2018-11-20,15:00,26.72532277,94.20517115,Minor injury,2.0,2.0,Single carriageway,Fine no high winds,Daylight,Assam,Jorhat
6289.0,2018-10-18,13:40,26.75943387,94.22404358,Minor injury,2.0,1.0,Single carriageway,Fine no high winds,Daylight,Assam,Jorhat
6290.0,2018-12-20,17:00,26.75407951,94.18179585,Minor injury,2.0,1.0,Single carriageway,Fine no high winds,Darkness - lights lit,Assam,Jorhat
6291.0,2018-11-08,18:30,26.75064,94.21106944,Minor injury,2.0,1.0,Single carriageway,Fine no high winds,Darkness - lights lit,Assam,Jorhat
6292.0,2018-12-22,15:30,26.73408552,94.22198308,Minor injury,2.0,1.0,Single carriageway,Fine no high winds,Darkness - lights lit,Assam,Jorhat
6293.0,2018-11-30,21:30,26.75160236,94.22747203,Minor injury,2.0,1.0,Single carriageway,Fine no high winds,Darkness - lights lit,Assam,Jorhat
6294.0,2018-10-18,06:10,26.72248497,94.1922812,Minor injury,2.0,1.0,Single carriageway,Fine no high winds,Darkness - lights lit,Assam,Jorhat
6295.0,2018-12-10,17:30,26.7499691,94.20952341,Minor injury,2.0,1.0,Single carriageway,Fine no high winds,Darkness - lights lit,Assam,Jorhat
6296.0,2018-01-05,06:55,26.72621681,94.22585703,Minor injury,1.0,1.0,Single carriageway,Fine no high winds,Daylight,Assam,Jorhat
6297.0,2018-01-05,18:20,26.75055451,94.18755394,Minor injury,2.0,1.0,Dual carriageway,Fine no high winds,Darkness - lights lit,Assam,Jorhat
6298.0,2018-01-20,17:40,26.73287117,94.21825455,Serious injury,3.0,1.0,Single carriageway,Fine no high winds,Darkness - lights lit,Assam,Jorhat
6299.0,2018-01-28,05:15,26.72205295,94.20768045,Minor injury,1.0,1.0,Single carriageway,Raining + high winds,Darkness - no lighting,Assam,Jorhat
6300.0,2018-01-30,14:42,26.72197142,94.21584574,Minor injury,1.0,1.0,Single carriageway,Fine no high winds,Daylight,Assam,Jorhat
6301.0,2018-01-31,07:00,26.73253345,94.18071646,Minor injury,2.0,1.0,Roundabout,Fine no high winds,Daylight,Assam,Jorhat
6302.0,2018-02-01,15:20,26.73107782,94.18391938,Minor injury,1.0,1.0,Single carriageway,Fine no high winds,Daylight,Assam,Jorhat
6303.0,2018-02-13,05:45,26.71894049,94.19880517,Minor injury,2.0,1.0,Dual carriageway,Raining no high winds,Darkness - lights lit,Assam,Jorhat
6304.0,2018-02-15,17:25,26.74853045,94.17380388,Minor injury,1.0,1.0,Single carriageway,Fine no high winds,Daylight,Assam,Jorhat
6305.0,2018-02-18,06:15,26.7630558,94.19440637,Minor injury,2.0,1.0,Single carriageway,Fine no high winds,Darkness - lights lit,Assam,Jorhat
6306.0,2018-02-25,09:10,26.72462985,94.17255705,Minor injury,2.0,1.0,Single carriageway,Fine no high winds,Daylight,Assam,Jorhat
6307.0,2018-02-26,17:19,26.72528817,94.22675103,Minor injury,1.0,1.0,Roundabout,Raining no high winds,Darkness - lights lit,Assam,Jorhat
6308.0,2018-02-28,14:00,26.73551005,94.21316661,Minor injury,2.0,2.0,Dual carriageway,Fine no high winds,Daylight,Assam,Jorhat
6309.0,2018-03-02,17:05,26.75705238,94.19415155,Minor injury,2.0,1.0,Single carriageway,Fine no high winds,Daylight,Assam,Jorhat
6310.0,2018-03-07,22:11,26.75110085,94.18121074,Minor injury,1.0,1.0,Single carriageway,Fine no high winds,Darkness - lights lit,Assam,Jorhat
6311.0,2018-03-27,20:15,26.74891253,94.22192486,Minor injury,2.0,1.0,One way street,Fine no high winds,Darkness - lights lit,Assam,Jorhat
6312.0,2018-03-28,16:05,26.75608378,94.16788148,Minor injury,1.0,1.0,One way street,Fine no high winds,Daylight,Assam,Jorhat
6313.0,2018-03-14,09:25,26.73818798,94.22071638,Minor injury,2.0,1.0,Roundabout,Fine no high winds,Daylight,Assam,Jorhat
6314.0,2018-04-19,07:00,26.76887987,94.19862481,Minor injury,1.0,1.0,One way street,Fine no high winds,Daylight,Assam,Jorhat
6315.0,2018-04-08,16:41,26.73607407,94.2025109,Minor injury,2.0,1.0,Dual carriageway,Fine no high winds,Daylight,Assam,Jorhat
6316.0,2018-04-15,06:15,26.71937628,94.20072833,Minor injury,2.0,1.0,Single carriageway,Fine no high winds,Daylight,Assam,Jorhat
6317.0,2018-04-15,06:30,26.72945175,94.1674128,Minor injury,3.0,1.0,Dual carriageway,Fine no high winds,Daylight,Assam,Jorhat
6318.0,2018-05-03,12:50,26.72619078,94.17628605,Minor injury,2.0,1.0,Dual carriageway,Raining no high winds,Daylight,Assam,Jorhat
6319.0,2018-05-02,09:50,26.73057081,94.18429375,Minor injury,2.0,1.0,Single carriageway,Fine no high winds,Daylight,Assam,Jorhat
6320.0,2018-05-13,13:05,26.76280269,94.18058136,Minor injury,3.0,2.0,Roundabout,Fine no high winds,Daylight,Assam,Jorhat
6321.0,2018-05-23,08:00,26.73276162,94.17682771,Minor injury,1.0,1.0,Single carriageway,Fine no high winds,Daylight,Assam,Jorhat
6322.0,2018-05-24,06:38,26.73121285,94.1831122,Minor injury,3.0,1.0,Single carriageway,Fine no high winds,Daylight,Assam,Jorhat
6323.0,2018-05-27,13:25,26.74212793,94.16994253,Minor injury,1.0,1.0,Dual carriageway,Fine no high winds,Daylight,Assam,Jorhat
6324.0,2018-05-24,13:18,26.7582308,94.17004206,Minor injury,2.0,1.0,Dual carriageway,Raining no high winds,Daylight,Assam,Jorhat
6325.0,2018-05-23,16:35,26.74976632,94.22464783,Minor injury,2.0,1.0,Roundabout,Fine no high winds,Daylight,Assam,Jorhat
6326.0,2018-05-31,07:55,26.75194532,94.1891231,Minor injury,1.0,1.0,Single carriageway,Fine no high winds,Daylight,Assam,Jorhat
6327.0,2018-05-17,15:15,26.7414337,94.23093517,Minor injury,2.0,1.0,Single carriageway,Fine no high winds,Daylight,Assam,Jorhat
6328.0,2018-05-19,16:36,26.73382402,94.17440805,Minor injury,2.0,1.0,One way street,Raining no high winds,Daylight,Assam,Jorhat
6329.0,2018-06-03,19:00,26.73480763,94.22490501,Minor injury,2.0,1.0,Roundabout,Fine no high winds,Daylight,Assam,Jorhat
6330.0,2018-06-13,08:15,26.7203604,94.21384759,Minor injury,3.0,1.0,Dual carriageway,Fine no high winds,Daylight,Assam,Jorhat
6331.0,2018-06-09,14:07,26.73378776,94.20501125,Minor injury,1.0,1.0,Single carriageway,Fine no high winds,Daylight,Assam,Jorhat
6332.0,2018-06-21,06:00,26.72785698,94.20747584,Minor injury,1.0,1.0,One way street,Fine no high winds,Daylight,Assam,Jorhat
6333.0,2018-05-25,08:00,26.75137554,94.1826296,Minor injury,2.0,2.0,Roundabout,Fine no high winds,Daylight,Assam,Jorhat
6334.0,2018-06-22,10:45,26.74910301,94.22137522,Serious injury,2.0,1.0,Dual carriageway,Fine no high winds,Daylight,Assam,Jorhat
6335.0,2018-06-26,20:45,26.72286848,94.22826183,Minor injury,3.0,2.0,One way street,Fine no high winds,Daylight,Assam,Jorhat
6336.0,2018-07-05,12:44,26.74215411,94.18354824,Minor injury,2.0,1.0,Dual carriageway,Fine no high winds,Daylight,Assam,Jorhat
6337.0,2018-07-08,16:20,26.7495289,94.20320415,Minor injury,2.0,1.0,Single carriageway,Fine no high winds,Daylight,Assam,Jorhat
6338.0,2018-07-01,07:00,26.75056385,94.21347626,Minor injury,2.0,1.0,Single carriageway,Fine no high winds,Daylight,Assam,Jorhat
6339.0,2018-07-01,13:30,26.72260422,94.21192275,Minor injury,2.0,1.0,Single carriageway,Fine no high winds,Daylight,Assam,Jorhat
6340.0,2018-07-05,12:30,26.74787047,94.19236319,Minor injury,1.0,2.0,Roundabout,Fine no high winds,Daylight,Assam,Jorhat
6341.0,2018-08-02,05:30,26.72497469,94.18948663,Minor injury,2.0,1.0,Dual carriageway,Fine no high winds,Daylight,Assam,Jorhat
6342.0,2018-07-14,20:30,26.75065966,94.20861359,Minor injury,2.0,1.0,Roundabout,Fine no high winds,Daylight,Assam,Jorhat
6343.0,2018-07-30,18:30,26.75055254,94.18882799,Minor injury,2.0,1.0,Single carriageway,Fine no high winds,Daylight,Assam,Jorhat
6344.0,2018-07-01,18:12,26.74968438,94.18934472,Minor injury,2.0,1.0,Dual carriageway,Fine no high winds,Daylight,Assam,Jorhat
6345.0,2018-08-11,07:26,26.74130601,94.17620936,Minor injury,1.0,1.0,Single carriageway,Fine no high winds,Daylight,Assam,Jorhat
6346.0,2018-08-01,14:00,26.72047193,94.21015812,Minor injury,1.0,1.0,Dual carriageway,Fine no high winds,Daylight,Assam,Jorhat
6347.0,2018-08-28,14:05,26.7358318,94.21152778,Minor injury,2.0,1.0,Single carriageway,Fine no high winds,Daylight,Assam,Jorhat
6348.0,2018-08-12,16:30,26.74106871,94.22241091,Serious injury,2.0,1.0,Single carriageway,Fine no high winds,Daylight,Assam,Jorhat
6349.0,2018-08-28,21:15,26.72453593,94.19944,Minor injury,1.0,1.0,Single carriageway,Fine no high winds,Daylight,Assam,Jorhat
6350.0,2018-08-31,15:45,26.74188868,94.21748536,Minor injury,2.0,1.0,Single carriageway,Fine no high winds,Daylight,Assam,Jorhat
6351.0,2018-09-07,06:25,26.74668374,94.19256415,Minor injury,2.0,1.0,Roundabout,Fine no high winds,Daylight,Assam,Jorhat
6352.0,2018-09-09,07:10,26.75608913,94.20446127,Serious injury,3.0,1.0,Single carriageway,Fine no high winds,Daylight,Assam,Jorhat
6353.0,2018-09-12,20:33,26.75635647,94.17709977,Minor injury,2.0,1.0,Single carriageway,Fine no high winds,Darkness - lights lit,Assam,Jorhat
6354.0,2018-08-25,16:20,26.72053476,94.22546858,Minor injury,1.0,1.0,Single carriageway,Fine no high winds,Daylight,Assam,Jorhat
6355.0,2018-09-24,20:50,26.73070489,94.22565287,Minor injury,1.0,1.0,Single carriageway,Fine no high winds,Darkness - lights lit,Assam,Jorhat
6356.0,2018-09-30,14:36,26.73849746,94.22413939,Minor injury,1.0,1.0,Roundabout,Fine no high winds,Daylight,Assam,Jorhat
6357.0,2018-10-10,17:15,26.74907983,94.19239421,Minor injury,2.0,1.0,Single carriageway,Fine no high winds,Daylight,Assam,Jorhat
6358.0,2018-10-08,19:00,26.71970436,94.22440583,Minor injury,3.0,1.0,Roundabout,Raining no high winds,Darkness - lights lit,Assam,Jorhat
6359.0,2018-10-13,15:35,26.72852247,94.21939048,Minor injury,2.0,1.0,Single carriageway,Fine no high winds,Daylight,Assam,Jorhat
6360.0,2018-10-11,05:17,26.74329718,94.19798031,Minor injury,1.0,1.0,Single carriageway,Fine no high winds,Darkness - lights lit,Assam,Jorhat
6361.0,2018-09-30,14:00,26.76748022,94.18786904,Minor injury,2.0,1.0,Roundabout,Fine no high winds,Daylight,Assam,Jorhat
6362.0,2018-10-29,05:49,26.74274513,94.18187689,Minor injury,1.0,1.0,Roundabout,Fine no high winds,Daylight,Assam,Jorhat
6363.0,2018-10-22,15:10,26.75231138,94.22773196,Minor injury,2.0,1.0,Single carriageway,Fine no high winds,Daylight,Assam,Jorhat
6364.0,2018-09-20,08:50,26.76659152,94.20313296,Minor injury,2.0,1.0,Single carriageway,Fine no high winds,Daylight,Assam,Jorhat
6365.0,2018-11-04,12:14,26.72974747,94.22726868,Serious injury,1.0,1.0,Roundabout,Fine no high winds,Daylight,Assam,Jorhat
6366.0,2018-09-29,17:50,26.72315392,94.18918197,Minor injury,2.0,1.0,Single carriageway,Fine no high winds,Daylight,Assam,Jorhat
6367.0,2018-11-04,17:50,26.75812111,94.2068077,Minor injury,1.0,1.0,Single carriageway,Fine no high winds,Darkness - lights lit,Assam,Jorhat
6368.0,2018-11-02,07:41,26.74022727,94.21043868,Minor injury,2.0,2.0,Single carriageway,Raining no high winds,Daylight,Assam,Jorhat
6369.0,2018-11-12,21:39,26.75374366,94.220947,Minor injury,1.0,1.0,Single carriageway,Fine no high winds,Darkness - lights unlit,Assam,Jorhat
6370.0,2018-10-24,22:20,26.73985756,94.1755709,Minor injury,1.0,1.0,Dual carriageway,Raining no high winds,Darkness - lights lit,Assam,Jorhat
6371.0,2018-10-23,15:30,26.74857317,94.22563254,Minor injury,2.0,1.0,Single carriageway,Fine no high winds,Daylight,Assam,Jorhat
6372.0,2018-11-29,10:45,26.75412024,94.17224883,Minor injury,3.0,2.0,Single carriageway,Fine no high winds,Daylight,Assam,Jorhat
6373.0,2018-12-01,18:38,26.72604132,94.22994207,Minor injury,2.0,1.0,Dual carriageway,Raining no high winds,Darkness - lights lit,Assam,Jorhat
6374.0,2018-12-04,12:20,26.76102054,94.18153144,Minor injury,2.0,1.0,One way street,Fine no high winds,Daylight,Assam,Jorhat
6375.0,2018-11-25,14:48,26.72790109,94.20124846,Serious injury,1.0,1.0,Dual carriageway,Fine no high winds,Daylight,Assam,Jorhat
6376.0,2018-12-15,09:22,26.73193198,94.17444538,Minor injury,2.0,1.0,Single carriageway,Fine no high winds,Daylight,Assam,Jorhat
6377.0,2018-12-15,17:00,26.76330627,94.22663351,Minor injury,1.0,1.0,One way street,Fine no high winds,Darkness - lights lit,Assam,Jorhat
6378.0,2018-12-25,11:25,26.73922688,94.20022893,Minor injury,2.0,1.0,Roundabout,Fine no high winds,Daylight,Assam,Jorhat
6379.0,2018-12-31,17:10,26.72498992,94.18627597,Minor injury,2.0,3.0,Dual carriageway,Fine no high winds,Darkness - lights lit,Assam,Jorhat
6380.0,2018-11-19,14:00,26.71871888,94.21905447,Minor injury,2.0,1.0,Single carriageway,Fine no high winds,Daylight,Assam,Jorhat
6381.0,2018-11-18,19:00,26.75562505,94.23113184,Minor injury,2.0,1.0,Single carriageway,Fine no high winds,Darkness - lights lit,Assam,Jorhat
6382.0,2018-02-02,17:24,26.72042119,94.17131737,Minor injury,2.0,1.0,Single carriageway,Fine no high winds,Darkness - lights lit,Assam,Jorhat
6383.0,2018-01-01,17:18,26.75829636,94.22157986,Minor injury,2.0,5.0,Single carriageway,Raining no high winds,Darkness - lights lit,Assam,Jorhat
6384.0,2018-01-10,20:13,26.76738669,94.21917014,Minor injury,1.0,1.0,Single carriageway,Raining no high winds,Darkness - lights lit,Assam,Jorhat
6385.0,2018-01-09,07:10,26.74089979,94.21724485,Minor injury,2.0,1.0,Single carriageway,Fine no high winds,Darkness - lights lit,Assam,Jorhat
6386.0,2018-01-05,17:29,26.74238732,94.18696951,Minor injury,1.0,3.0,Single carriageway,Fine no high winds,Darkness - lights lit,Assam,Jorhat
6387.0,2018-01-04,19:05,26.72218878,94.22277167,Minor injury,1.0,1.0,Single carriageway,Raining no high winds,Darkness - lights lit,Assam,Jorhat
6388.0,2018-01-08,17:31,26.75527618,94.21222287,Minor injury,1.0,1.0,Dual carriageway,Fine no high winds,Darkness - lights lit,Assam,Jorhat
6389.0,2018-01-04,16:29,26.73233333,94.1693528,Minor injury,1.0,1.0,Single carriageway,Raining no high winds,Darkness - lights lit,Assam,Jorhat
6390.0,2018-01-15,16:15,26.73696305,94.21560419,Minor injury,2.0,1.0,Single carriageway,Fine no high winds,Darkness - lights lit,Assam,Jorhat
6391.0,2018-01-15,13:43,26.74192883,94.19490792,Minor injury,2.0,1.0,Single carriageway,Fine no high winds,Daylight,Assam,Jorhat
6392.0,2018-01-13,19:40,26.72016791,94.2067739,Minor injury,2.0,2.0,Single carriageway,Fine no high winds,Darkness - lights lit,Assam,Jorhat
6393.0,2018-01-06,16:20,26.72645515,94.18882418,Minor injury,1.0,1.0,Single carriageway,Fine no high winds,Darkness - lights lit,Assam,Jorhat
6394.0,2018-01-07,19:35,26.75342866,94.18220365,Minor injury,2.0,1.0,Single carriageway,Fine + high winds,Darkness - lights lit,Assam,Jorhat
6395.0,2018-01-07,18:39,26.74670481,94.18573576,Minor injury,1.0,1.0,Dual carriageway,Other,Darkness - lights lit,Assam,Jorhat
6396.0,2018-01-08,13:00,26.76506864,94.18931447,Minor injury,2.0,1.0,Single carriageway,Fine no high winds,Daylight,Assam,Jorhat
6397.0,2018-01-08,13:30,26.7200861,94.19321637,Minor injury,1.0,1.0,Single carriageway,Fine no high winds,Daylight,Assam,Jorhat
6398.0,2018-01-10,09:20,26.73558806,94.19241181,Minor injury,2.0,1.0,Single carriageway,Fine no high winds,Daylight,Assam,Jorhat
6399.0,2018-01-12,21:07,26.76326858,94.19978558,Minor injury,1.0,1.0,Single carriageway,Fine no high winds,Darkness - lights lit,Assam,Jorhat
6400.0,2018-01-15,17:01,26.76513891,94.21971953,Minor injury,1.0,1.0,Single carriageway,Fine no high winds,Daylight,Assam,Jorhat
6401.0,2018-01-19,11:56,26.73355602,94.17811059,Minor injury,2.0,1.0,Single carriageway,Fine no high winds,Daylight,Assam,Jorhat
6402.0,2018-01-17,11:23,26.74888286,94.19116349,Serious injury,1.0,1.0,Dual carriageway,Raining no high winds,Daylight,Assam,Jorhat
6403.0,2018-01-09,01:15,26.74094988,94.17888384,Minor injury,2.0,1.0,Single carriageway,Fine no high winds,Darkness - lights lit,Assam,Jorhat
6404.0,2018-01-25,22:41,26.75916675,94.20308908,Minor injury,2.0,1.0,Single carriageway,Fine no high winds,Darkness - lights lit,Assam,Jorhat
6405.0,2018-01-24,14:28,26.73936422,94.19071237,Minor injury,2.0,1.0,Single carriageway,Fine no high winds,Daylight,Assam,Jorhat
6406.0,2018-01-23,11:05,26.73108013,94.20971679,Minor injury,2.0,2.0,Single carriageway,Fine no high winds,Daylight,Assam,Jorhat
6407.0,2018-01-20,18:23,26.73057134,94.21067153,Serious injury,2.0,1.0,Single carriageway,Fine no high winds,Darkness - lights lit,Assam,Jorhat
6408.0,2018-01-18,15:40,26.74358332,94.20585374,Minor injury,2.0,1.0,Single carriageway,Fine no high winds,Daylight,Assam,Jorhat
6409.0,2018-01-18,12:00,26.75634738,94.17018575,Serious injury,2.0,1.0,Single carriageway,Fine no high winds,Daylight,Assam,Jorhat
6410.0,2018-01-17,12:50,26.72514147,94.1883993,Minor injury,2.0,2.0,Single carriageway,Fine no high winds,Daylight,Assam,Jorhat
6411.0,2018-01-17,11:45,26.72248157,94.21073876,Minor injury,1.0,1.0,Single carriageway,Fine no high winds,Daylight,Assam,Jorhat
6412.0,2018-01-17,16:30,26.73495201,94.20672466,Minor injury,1.0,1.0,Single carriageway,Raining no high winds,Darkness - lights lit,Assam,Jorhat
6413.0,2018-01-18,07:48,26.75298346,94.16868542,Minor injury,2.0,2.0,Single carriageway,Fine no high winds,Daylight,Assam,Jorhat
6414.0,2018-01-17,15:00,26.72611057,94.21353946,Minor injury,2.0,1.0,Single carriageway,Fine no high winds,Daylight,Assam,Jorhat
6415.0,2018-01-20,17:40,26.73384505,94.22747508,Minor injury,1.0,1.0,Single carriageway,Fine no high winds,Darkness - lights lit,Assam,Jorhat
6416.0,2018-01-24,15:55,26.72696807,94.1733179,Minor injury,1.0,1.0,Dual carriageway,Fine no high winds,Daylight,Assam,Jorhat
6417.0,2018-01-21,14:50,26.73486325,94.17495352,Minor injury,1.0,1.0,Single carriageway,Fine no high winds,Daylight,Assam,Jorhat
6418.0,2018-02-01,18:06,26.75779445,94.20424463,Minor injury,6.0,4.0,Dual carriageway,Other,Darkness - lights lit,Assam,Jorhat
6419.0,2018-01-28,14:33,26.74310065,94.1915829,Minor injury,2.0,1.0,Roundabout,Fine no high winds,Daylight,Assam,Jorhat
6420.0,2018-01-29,05:50,26.75452481,94.17025579,Minor injury,1.0,1.0,Single carriageway,Fine no high winds,Darkness - lights lit,Assam,Jorhat
6421.0,2018-01-29,22:07,26.72342561,94.20730208,Minor injury,2.0,1.0,Single carriageway,Fine no high winds,Darkness - lights lit,Assam,Jorhat
6422.0,2018-01-30,04:05,26.75338426,94.20293722,Minor injury,2.0,1.0,Dual carriageway,Fine + high winds,Darkness - lights unlit,Assam,Jorhat
6423.0,2018-02-07,11:47,26.71837973,94.19702607,Minor injury,1.0,1.0,Single carriageway,Fine no high winds,Daylight,Assam,Jorhat
6424.0,2018-02-05,18:20,26.74570522,94.20688692,Minor injury,2.0,1.0,Single carriageway,Fine no high winds,Darkness - lights lit,Assam,Jorhat
6425.0,2018-02-02,06:20,26.75460793,94.20847546,Minor injury,1.0,1.0,Dual carriageway,Fine no high winds,Darkness - lights lit,Assam,Jorhat
6426.0,2018-02-07,08:30,26.73580232,94.17292012,Minor injury,2.0,1.0,Single carriageway,Fine no high winds,Daylight,Assam,Jorhat
6427.0,2018-02-01,15:25,26.76493147,94.17169769,Minor injury,1.0,1.0,Single carriageway,Fine no high winds,Daylight,Assam,Jorhat
6428.0,2018-01-29,09:05,26.76511484,94.20616127,Minor injury,1.0,1.0,Single carriageway,Fine no high winds,Daylight,Assam,Jorhat
6429.0,2018-01-27,18:10,26.74792119,94.18624974,Minor injury,2.0,2.0,Dual carriageway,Raining no high winds,Darkness - lights lit,Assam,Jorhat
6430.0,2018-01-19,09:30,26.74847383,94.19409264,Minor injury,2.0,1.0,Dual carriageway,Fine no high winds,Daylight,Assam,Jorhat
6431.0,2018-01-08,12:00,26.72362481,94.21312303,Minor injury,2.0,1.0,Single carriageway,Fine no high winds,Daylight,Assam,Jorhat
6432.0,2018-02-02,11:18,26.75922375,94.17939099,Minor injury,1.0,1.0,Single carriageway,Fine no high winds,Daylight,Assam,Jorhat
6433.0,2018-02-04,14:35,26.728895,94.16837244,Minor injury,1.0,2.0,Roundabout,Fine no high winds,Daylight,Assam,Jorhat
6434.0,2018-02-09,23:59,26.76585445,94.19779603,Minor injury,2.0,2.0,Single carriageway,Fine no high winds,Darkness - lights lit,Assam,Jorhat
6435.0,2018-02-09,19:00,26.76543825,94.16717089,Serious injury,1.0,1.0,Single carriageway,Fine no high winds,Darkness - lights lit,Assam,Jorhat
6436.0,2018-02-11,00:05,26.74376321,94.17787226,Minor injury,1.0,1.0,Single carriageway,Raining no high winds,Darkness - lights lit,Assam,Jorhat
6437.0,2018-02-08,08:22,26.73544475,94.21032255,Minor injury,2.0,1.0,Single carriageway,Fine no high winds,Daylight,Assam,Jorhat
6438.0,2018-02-14,11:30,26.74910225,94.22257899,Minor injury,2.0,2.0,Single carriageway,Fine no high winds,Daylight,Assam,Jorhat
6439.0,2018-02-13,06:41,26.7689281,94.20039389,Serious injury,1.0,1.0,Single carriageway,Raining + high winds,Darkness - lights lit,Assam,Jorhat
6440.0,2018-02-02,18:12,26.74450833,94.16735487,Minor injury,2.0,1.0,Single carriageway,Fine no high winds,Darkness - lights lit,Assam,Jorhat
6441.0,2018-01-25,10:00,26.72737759,94.18780331,Minor injury,2.0,1.0,One way street,Fine no high winds,Daylight,Assam,Jorhat
6442.0,2018-02-11,13:04,26.73911352,94.21973814,Minor injury,2.0,1.0,Single carriageway,Raining no high winds,Daylight,Assam,Jorhat
6443.0,2018-02-12,18:20,26.73002573,94.19387724,Minor injury,2.0,1.0,Single carriageway,Fine no high winds,Darkness - lights lit,Assam,Jorhat
6444.0,2018-02-04,17:20,26.76885528,94.18826251,Minor injury,1.0,1.0,Single carriageway,Fine no high winds,Daylight,Assam,Jorhat
6445.0,2018-01-31,21:30,26.72513728,94.17169205,Minor injury,2.0,1.0,Single carriageway,Fine no high winds,Darkness - lights lit,Assam,Jorhat
6446.0,2018-02-12,14:01,26.72458786,94.21267911,Minor injury,1.0,1.0,Single carriageway,Raining no high winds,Daylight,Assam,Jorhat
6447.0,2018-02-14,19:50,26.75902302,94.18148088,Minor injury,3.0,2.0,Dual carriageway,Fine no high winds,Daylight,Assam,Jorhat
6448.0,2018-02-21,18:00,26.7326556,94.17320746,Minor injury,2.0,1.0,Roundabout,Raining no high winds,Darkness - lights lit,Assam,Jorhat
6449.0,2018-02-21,13:10,26.73913041,94.17176753,Minor injury,3.0,1.0,Roundabout,Fine no high winds,Daylight,Assam,Jorhat
6450.0,2018-02-21,10:20,26.75869512,94.20384926,Minor injury,2.0,1.0,Single carriageway,Raining no high winds,Daylight,Assam,Jorhat
6451.0,2018-02-17,08:57,26.76854119,94.21609211,Minor injury,2.0,1.0,Single carriageway,Fine no high winds,Daylight,Assam,Jorhat
6452.0,2018-02-14,12:45,26.72157986,94.21166929,Minor injury,2.0,1.0,Single carriageway,Fine no high winds,Daylight,Assam,Jorhat
6453.0,2018-02-06,12:15,26.72444022,94.18309357,Minor injury,2.0,1.0,Single carriageway,Fine no high winds,Daylight,Assam,Jorhat
6454.0,2018-02-15,14:57,26.76958666,94.21145199,Minor injury,1.0,1.0,Single carriageway,Fine no high winds,Daylight,Assam,Jorhat
6455.0,2018-02-02,13:30,26.73586858,94.19121793,Minor injury,2.0,1.0,One way street,Fine no high winds,Daylight,Assam,Jorhat
6456.0,2018-02-02,13:10,26.73916997,94.20639407,Minor injury,1.0,1.0,Single carriageway,Fine no high winds,Daylight,Assam,Jorhat
6457.0,2018-02-11,13:20,26.76136391,94.21682767,Minor injury,2.0,1.0,Single carriageway,Fine no high winds,Daylight,Assam,Jorhat
6458.0,2018-02-22,14:15,26.76176527,94.18773816,Minor injury,2.0,1.0,Roundabout,Raining no high winds,Daylight,Assam,Jorhat
6459.0,2018-02-17,15:05,26.74063776,94.17977258,Minor injury,2.0,1.0,Single carriageway,Fine no high winds,Daylight,Assam,Jorhat
6460.0,2018-02-17,07:40,26.74224541,94.20311846,Minor injury,2.0,1.0,Single carriageway,Fine no high winds,Daylight,Assam,Jorhat
6461.0,2018-02-18,16:05,26.7588876,94.18478567,Minor injury,2.0,1.0,Single carriageway,Fine no high winds,Daylight,Assam,Jorhat
6462.0,2018-02-27,12:35,26.72660684,94.19450444,Minor injury,4.0,1.0,Dual carriageway,Fine no high winds,Daylight,Assam,Jorhat
6463.0,2018-02-22,21:20,26.75829873,94.16768056,Minor injury,2.0,1.0,Single carriageway,Raining no high winds,Darkness - lights lit,Assam,Jorhat
6464.0,2018-02-09,19:00,26.7214027,94.17901145,Minor injury,4.0,1.0,Single carriageway,Fine no high winds,Darkness - lights lit,Assam,Jorhat
6465.0,2018-02-17,19:54,26.73367549,94.19907148,Minor injury,2.0,1.0,Single carriageway,Raining no high winds,Darkness - lights lit,Assam,Jorhat
6466.0,2018-02-24,16:51,26.73078109,94.21040924,Minor injury,2.0,1.0,Single carriageway,Raining no high winds,Daylight,Assam,Jorhat
6467.0,2018-02-28,12:25,26.74095928,94.16935396,Minor injury,1.0,1.0,Dual carriageway,Fine no high winds,Daylight,Assam,Jorhat
6468.0,2018-02-09,15:45,26.72301779,94.22272797,Minor injury,2.0,1.0,Single carriageway,Fine no high winds,Daylight,Assam,Jorhat
6469.0,2018-02-21,18:35,26.75744831,94.17702412,Minor injury,2.0,1.0,Single carriageway,Raining no high winds,Darkness - lights lit,Assam,Jorhat
6470.0,2018-03-03,09:20,26.72484283,94.1945917,Minor injury,2.0,1.0,Single carriageway,Fine no high winds,Daylight,Assam,Jorhat
6471.0,2018-03-01,14:23,26.725185,94.17804061,Minor injury,2.0,1.0,Single carriageway,Fine no high winds,Daylight,Assam,Jorhat
6472.0,2018-03-01,20:05,26.73369059,94.19877736,Minor injury,1.0,1.0,Single carriageway,Fine no high winds,Darkness - lights lit,Assam,Jorhat
6473.0,2018-03-02,19:50,26.73022019,94.1916559,Minor injury,1.0,1.0,Single carriageway,Raining no high winds,Darkness - lights lit,Assam,Jorhat
6474.0,2018-03-05,02:23,26.74578378,94.21866248,Minor injury,1.0,1.0,Single carriageway,Fine no high winds,Darkness - lights lit,Assam,Jorhat
6475.0,2018-03-05,05:05,26.74966599,94.1827708,Minor injury,2.0,2.0,Dual carriageway,Fine no high winds,Darkness - lights lit,Assam,Jorhat
6476.0,2018-03-05,21:35,26.7474637,94.18625319,Minor injury,2.0,1.0,Single carriageway,Raining no high winds,Darkness - lights lit,Assam,Jorhat
6477.0,2018-02-21,13:41,26.75036212,94.1908002,Minor injury,1.0,1.0,Single carriageway,Fine no high winds,Daylight,Assam,Jorhat
6478.0,2018-02-26,20:40,26.7684012,94.22511097,Minor injury,2.0,1.0,Single carriageway,Raining no high winds,Darkness - lights lit,Assam,Jorhat
6479.0,2018-02-26,14:15,26.75877756,94.19741115,Minor injury,2.0,1.0,Single carriageway,Raining no high winds,Daylight,Assam,Jorhat
6480.0,2018-02-27,21:10,26.76146572,94.20367827,Minor injury,2.0,1.0,Single carriageway,Fine no high winds,Darkness - lights lit,Assam,Jorhat
6481.0,2018-02-28,06:25,26.75897291,94.17727031,Minor injury,1.0,1.0,Single carriageway,Fine no high winds,Daylight,Assam,Jorhat
6482.0,2018-02-27,19:15,26.76779561,94.17824372,Minor injury,3.0,1.0,Single carriageway,Fine no high winds,Darkness - lights lit,Assam,Jorhat
6483.0,2018-03-06,20:35,26.75371686,94.22997984,Serious injury,2.0,3.0,Dual carriageway,Fine no high winds,Darkness - lights lit,Assam,Jorhat
6484.0,2018-02-18,09:00,26.74688332,94.19150449,Minor injury,1.0,1.0,Single carriageway,Fine no high winds,Daylight,Assam,Jorhat
6485.0,2018-03-08,09:50,26.72353334,94.22017414,Minor injury,2.0,1.0,Single carriageway,Fine no high winds,Daylight,Assam,Jorhat
6486.0,2018-03-11,17:48,26.74278421,94.22820934,Minor injury,1.0,1.0,Single carriageway,Fine no high winds,Darkness - lights lit,Assam,Jorhat
6487.0,2018-03-16,16:36,26.75760346,94.18231738,Minor injury,1.0,1.0,Single carriageway,Fine no high winds,Daylight,Assam,Jorhat
6488.0,2018-03-15,22:00,26.72996077,94.20451747,Minor injury,2.0,2.0,Roundabout,Fine no high winds,Darkness - lights lit,Assam,Jorhat
6489.0,2018-03-14,10:28,26.75575091,94.16756433,Minor injury,1.0,1.0,Single carriageway,Fine no high winds,Daylight,Assam,Jorhat
6490.0,2018-03-15,08:50,26.74684141,94.22269879,Minor injury,2.0,1.0,Roundabout,Fine no high winds,Daylight,Assam,Jorhat
6491.0,2018-03-01,13:15,26.74896167,94.1949084,Minor injury,2.0,1.0,Roundabout,Fine no high winds,Daylight,Assam,Jorhat
6492.0,2018-03-03,18:00,26.72345542,94.19905611,Minor injury,2.0,1.0,Single carriageway,Fine no high winds,Darkness - lights lit,Assam,Jorhat
6493.0,2018-03-07,13:20,26.74784117,94.19266122,Minor injury,2.0,1.0,Single carriageway,Raining no high winds,Daylight,Assam,Jorhat
6494.0,2018-03-05,15:37,26.75675478,94.21976112,Minor injury,1.0,1.0,Single carriageway,Fine no high winds,Daylight,Assam,Jorhat
6495.0,2018-03-05,23:59,26.76752982,94.23100956,Minor injury,3.0,1.0,Single carriageway,Raining no high winds,Darkness - lights lit,Assam,Jorhat
6496.0,2018-03-04,21:48,26.73838392,94.21102887,Minor injury,2.0,3.0,Dual carriageway,Fine no high winds,Darkness - lights lit,Assam,Jorhat
6497.0,2018-03-09,22:55,26.75446588,94.16970464,Minor injury,2.0,1.0,Single carriageway,Fine no high winds,Darkness - lights lit,Assam,Jorhat
6498.0,2018-03-12,16:23,26.73595262,94.21423245,Minor injury,2.0,1.0,Single carriageway,Fine no high winds,Daylight,Assam,Jorhat
6499.0,2018-03-16,16:50,26.74359439,94.17838007,Minor injury,2.0,1.0,Single carriageway,Fine no high winds,Darkness - lights lit,Assam,Jorhat
6500.0,2018-03-09,12:53,26.75217692,94.17763161,Minor injury,2.0,1.0,Dual carriageway,Fine no high winds,Daylight,Assam,Jorhat
6501.0,2018-03-16,13:34,26.73186273,94.1801662,Minor injury,1.0,1.0,Single carriageway,Fine no high winds,Daylight,Assam,Jorhat
6502.0,2018-03-14,16:15,26.72176638,94.20470325,Minor injury,2.0,1.0,Single carriageway,Fine no high winds,Daylight,Assam,Jorhat
6503.0,2018-03-16,19:38,26.71830174,94.2150117,Minor injury,2.0,2.0,Single carriageway,Fine no high winds,Darkness - lights lit,Assam,Jorhat
6504.0,2018-03-06,13:00,26.72443553,94.19563299,Minor injury,2.0,2.0,Single carriageway,Fine no high winds,Daylight,Assam,Jorhat
6505.0,2018-03-14,17:50,26.7561089,94.22475292,Minor injury,1.0,1.0,Single carriageway,Fine no high winds,Daylight,Assam,Jorhat
6506.0,2018-03-16,15:25,26.75271841,94.21848699,Minor injury,1.0,1.0,Single carriageway,Fine no high winds,Daylight,Assam,Jorhat
6507.0,2018-03-21,19:50,26.73709995,94.18432651,Minor injury,2.0,1.0,Single carriageway,Fine no high winds,Darkness - lights lit,Assam,Jorhat
6508.0,2018-03-01,14:20,26.76246636,94.22380877,Minor injury,2.0,1.0,Dual carriageway,Fine no high winds,Daylight,Assam,Jorhat
6509.0,2018-03-10,14:35,26.76707095,94.18759343,Minor injury,1.0,1.0,Single carriageway,Fine no high winds,Daylight,Assam,Jorhat
6510.0,2018-03-19,06:20,26.73603898,94.1886904,Minor injury,1.0,1.0,Single carriageway,Fine no high winds,Daylight,Assam,Jorhat
6511.0,2018-03-12,18:45,26.74143093,94.19702741,Minor injury,2.0,1.0,Dual carriageway,Fine no high winds,Daylight,Assam,Jorhat
6512.0,2018-03-19,13:23,26.725546,94.1748961,Minor injury,2.0,2.0,Single carriageway,Fine no high winds,Daylight,Assam,Jorhat
6513.0,2018-03-18,17:10,26.72460224,94.19935284,Minor injury,2.0,2.0,Dual carriageway,Fine no high winds,Darkness - lights lit,Assam,Jorhat
6514.0,2018-03-17,20:50,26.74371042,94.18603901,Minor injury,2.0,1.0,Single carriageway,Fine no high winds,Darkness - lights lit,Assam,Jorhat
6515.0,2018-03-18,21:30,26.74292862,94.19021981,Minor injury,2.0,1.0,Dual carriageway,Fine no high winds,Darkness - lights lit,Assam,Jorhat
6516.0,2018-03-19,12:15,26.71841352,94.17284045,Minor injury,2.0,1.0,Dual carriageway,Fine no high winds,Daylight,Assam,Jorhat
6517.0,2018-03-15,10:00,26.75436785,94.21113069,Minor injury,2.0,1.0,Roundabout,Fine no high winds,Daylight,Assam,Jorhat
6518.0,2018-03-16,16:03,26.74534367,94.17925028,Minor injury,1.0,1.0,Roundabout,Raining no high winds,Darkness - lights lit,Assam,Jorhat
6519.0,2018-03-20,23:20,26.74423046,94.1930013,Minor injury,2.0,1.0,Single carriageway,Fine no high winds,Darkness - lights lit,Assam,Jorhat
6520.0,2018-02-21,16:30,26.75227754,94.19836793,Minor injury,2.0,1.0,Single carriageway,Fine no high winds,Daylight,Assam,Jorhat
6521.0,2018-02-24,11:00,26.75392661,94.226329,Minor injury,1.0,1.0,Single carriageway,Raining no high winds,Daylight,Assam,Jorhat
6522.0,2018-03-16,15:34,26.72128842,94.17283209,Minor injury,1.0,1.0,Single carriageway,Fine no high winds,Daylight,Assam,Jorhat
6523.0,2018-03-22,14:23,26.74254743,94.17801163,Minor injury,1.0,1.0,Single carriageway,Fine no high winds,Daylight,Assam,Jorhat
6524.0,2018-03-25,18:50,26.71849408,94.22220423,Minor injury,2.0,1.0,Single carriageway,Fine no high winds,Darkness - lights lit,Assam,Jorhat
6525.0,2018-03-26,15:07,26.74582901,94.21887787,Minor injury,1.0,1.0,Single carriageway,Fine no high winds,Daylight,Assam,Jorhat
6526.0,2018-03-26,17:50,26.73815967,94.18515834,Minor injury,2.0,2.0,Single carriageway,Raining no high winds,Darkness - lights lit,Assam,Jorhat
6527.0,2018-02-24,14:56,26.7354228,94.20131725,Minor injury,2.0,2.0,Single carriageway,Snowing no high winds,Daylight,Assam,Jorhat
6528.0,2018-04-05,15:40,26.73392132,94.21913278,Minor injury,1.0,1.0,Dual carriageway,Fine no high winds,Daylight,Assam,Jorhat
6529.0,2018-03-08,12:00,26.75168626,94.2024736,Minor injury,2.0,1.0,Single carriageway,Fine no high winds,Daylight,Assam,Jorhat
6530.0,2018-03-31,17:30,26.75633916,94.19353058,Minor injury,2.0,1.0,Single carriageway,Fine no high winds,Daylight,Assam,Jorhat
6531.0,2018-03-05,09:45,26.74001639,94.20493106,Minor injury,2.0,1.0,Single carriageway,Fine no high winds,Daylight,Assam,Jorhat
6532.0,2018-03-19,11:10,26.74046608,94.23154027,Minor injury,1.0,1.0,Single carriageway,Fine no high winds,Daylight,Assam,Jorhat
6533.0,2018-03-28,02:45,26.75850466,94.19543725,Minor injury,3.0,3.0,Single carriageway,Fine no high winds,Darkness - lights lit,Assam,Jorhat
6534.0,2018-04-05,09:15,26.72498569,94.19134219,Minor injury,3.0,1.0,Single carriageway,Fine no high winds,Daylight,Assam,Jorhat
6535.0,2018-04-10,19:33,26.74554502,94.16677719,Minor injury,1.0,1.0,Single carriageway,Fine no high winds,Daylight,Assam,Jorhat
6536.0,2018-01-25,13:30,26.74406845,94.2156923,Minor injury,2.0,1.0,Dual carriageway,Fine no high winds,Daylight,Assam,Jorhat
6537.0,2018-04-03,21:55,26.72266574,94.18711362,Minor injury,1.0,1.0,Dual carriageway,Fine no high winds,Darkness - lights lit,Assam,Jorhat
6538.0,2018-04-03,14:20,26.73147336,94.1841391,Minor injury,2.0,2.0,Single carriageway,Fine no high winds,Daylight,Assam,Jorhat
6539.0,2018-03-16,14:05,26.74504174,94.19733423,Minor injury,1.0,1.0,Single carriageway,Fine no high winds,Daylight,Assam,Jorhat
6540.0,2018-02-11,19:10,26.73789055,94.20935633,Minor injury,3.0,1.0,Single carriageway,Fine no high winds,Darkness - lights lit,Assam,Jorhat
6541.0,2018-03-16,16:36,26.75960834,94.21935113,Minor injury,1.0,1.0,Single carriageway,Fine no high winds,Daylight,Assam,Jorhat
6542.0,2018-03-25,22:10,26.74769009,94.18715472,Minor injury,1.0,1.0,Single carriageway,Fine no high winds,Darkness - lights lit,Assam,Jorhat
6543.0,2018-04-06,15:57,26.7586917,94.22045175,Minor injury,1.0,1.0,Dual carriageway,Raining no high winds,Daylight,Assam,Jorhat
6544.0,2018-04-07,09:00,26.71810236,94.18671326,Minor injury,1.0,1.0,Single carriageway,Fine no high winds,Daylight,Assam,Jorhat
6545.0,2018-04-03,18:30,26.76683958,94.21848627,Minor injury,2.0,1.0,Single carriageway,Fine no high winds,Daylight,Assam,Jorhat
6546.0,2018-04-08,12:28,26.74576892,94.20526224,Minor injury,3.0,2.0,Slip road,Fine no high winds,Daylight,Assam,Jorhat
6547.0,2018-04-08,08:15,26.76296174,94.18952749,Minor injury,1.0,1.0,Single carriageway,Fine no high winds,Daylight,Assam,Jorhat
6548.0,2018-04-09,22:01,26.76292118,94.20850146,Minor injury,2.0,1.0,Single carriageway,Fine no high winds,Darkness - lights lit,Assam,Jorhat
6549.0,2018-03-23,13:36,26.73017752,94.18669589,Minor injury,2.0,1.0,Single carriageway,Fine no high winds,Daylight,Assam,Jorhat
6550.0,2018-04-06,08:34,26.76658067,94.20876166,Minor injury,2.0,1.0,Single carriageway,Fine no high winds,Daylight,Assam,Jorhat
6551.0,2018-04-06,16:00,26.71789534,94.1790909,Minor injury,1.0,1.0,One way street,Fine no high winds,Daylight,Assam,Jorhat
6552.0,2018-04-10,15:25,26.74900931,94.19355798,Minor injury,4.0,2.0,Single carriageway,Fine no high winds,Daylight,Assam,Jorhat
6553.0,2018-04-15,13:19,26.74151632,94.1837178,Minor injury,3.0,1.0,Single carriageway,Raining no high winds,Daylight,Assam,Jorhat
6554.0,2018-04-15,14:15,26.75568888,94.22282135,Minor injury,1.0,1.0,Single carriageway,Raining no high winds,Daylight,Assam,Jorhat
6555.0,2018-04-17,17:45,26.76664825,94.20531724,Minor injury,2.0,1.0,Single carriageway,Fine no high winds,Daylight,Assam,Jorhat
6556.0,2018-04-16,12:02,26.72209537,94.19827514,Serious injury,1.0,1.0,Single carriageway,Fine no high winds,Daylight,Assam,Jorhat
6557.0,2018-04-20,09:30,26.76765312,94.20698273,Minor injury,2.0,1.0,Dual carriageway,Fine no high winds,Daylight,Assam,Jorhat
6558.0,2018-03-22,09:09,26.74626466,94.20478039,Minor injury,1.0,1.0,Single carriageway,Raining no high winds,Daylight,Assam,Jorhat
6559.0,2018-04-02,14:00,26.764573,94.211299,Minor injury,2.0,1.0,Single carriageway,Fine no high winds,Daylight,Assam,Jorhat
6560.0,2018-04-15,08:09,26.71794476,94.22730442,Minor injury,1.0,1.0,Single carriageway,Fine no high winds,Daylight,Assam,Jorhat
6561.0,2018-04-19,19:58,26.76720447,94.18259991,Minor injury,2.0,1.0,Roundabout,Fine no high winds,Daylight,Assam,Jorhat
6562.0,2018-04-19,09:31,26.72194922,94.16740276,Serious injury,2.0,1.0,Single carriageway,Fine no high winds,Daylight,Assam,Jorhat
6563.0,2018-03-22,12:17,26.74453426,94.19092337,Minor injury,2.0,1.0,Single carriageway,Fine no high winds,Daylight,Assam,Jorhat
6564.0,2018-04-23,00:01,26.71979652,94.23177414,Minor injury,1.0,1.0,Dual carriageway,Fine no high winds,Darkness - lights lit,Assam,Jorhat
6565.0,2018-04-25,13:15,26.73139656,94.18253957,Minor injury,2.0,2.0,Single carriageway,Fine no high winds,Daylight,Assam,Jorhat
6566.0,2018-04-26,11:52,26.7608109,94.22028894,Minor injury,2.0,1.0,Single carriageway,Raining no high winds,Daylight,Assam,Jorhat
6567.0,2018-04-26,11:31,26.74268994,94.17524619,Minor injury,4.0,1.0,Roundabout,Raining no high winds,Daylight,Assam,Jorhat
6568.0,2018-04-26,16:07,26.74973936,94.21799629,Serious injury,1.0,2.0,Single carriageway,Raining no high winds,Daylight,Assam,Jorhat
6569.0,2018-04-27,09:06,26.72686623,94.17553555,Minor injury,1.0,1.0,Single carriageway,Fine no high winds,Daylight,Assam,Jorhat
6570.0,2018-04-28,18:15,26.72345521,94.22164166,Minor injury,2.0,1.0,Single carriageway,Fine no high winds,Daylight,Assam,Jorhat
6571.0,2018-04-24,16:45,26.72320552,94.22579007,Minor injury,2.0,1.0,Single carriageway,Fine no high winds,Daylight,Assam,Jorhat
6572.0,2018-03-27,19:25,26.76338386,94.22219239,Minor injury,2.0,1.0,Single carriageway,Fine no high winds,Daylight,Assam,Jorhat
6573.0,2018-04-21,23:55,26.73945014,94.22292321,Minor injury,1.0,1.0,Roundabout,Fine no high winds,Darkness - lights lit,Assam,Jorhat
6574.0,2018-04-23,19:10,26.73730446,94.20343199,Minor injury,2.0,1.0,Single carriageway,Fine no high winds,Darkness - lights lit,Assam,Jorhat
6575.0,2018-04-26,17:45,26.73935675,94.16677651,Serious injury,3.0,1.0,Dual carriageway,Fine no high winds,Daylight,Assam,Jorhat
6576.0,2018-04-27,16:47,26.72738834,94.17508631,Serious injury,2.0,1.0,Single carriageway,Raining no high winds,Daylight,Assam,Jorhat
6577.0,2018-04-30,18:12,26.75981975,94.18269025,Minor injury,2.0,1.0,Single carriageway,Fine no high winds,Daylight,Assam,Jorhat
6578.0,2018-04-30,19:32,26.72998164,94.22424113,Minor injury,1.0,1.0,Single carriageway,Fine no high winds,Darkness - lights lit,Assam,Jorhat
6579.0,2018-04-30,22:49,26.75279001,94.2196991,Minor injury,1.0,1.0,Single carriageway,Fine no high winds,Darkness - lights lit,Assam,Jorhat
6580.0,2018-05-02,13:01,26.76718658,94.19282212,Minor injury,1.0,1.0,Single carriageway,Fine no high winds,Daylight,Assam,Jorhat
6581.0,2018-05-08,19:31,26.72829494,94.20999025,Minor injury,3.0,2.0,Single carriageway,Fine no high winds,Darkness - lights lit,Assam,Jorhat
6582.0,2018-04-25,10:00,26.7237695,94.22195702,Minor injury,2.0,1.0,Single carriageway,Raining no high winds,Daylight,Assam,Jorhat
6583.0,2018-04-25,17:53,26.72155592,94.17649025,Minor injury,2.0,1.0,Single carriageway,Fine no high winds,Daylight,Assam,Jorhat
6584.0,2018-04-27,08:40,26.72811447,94.22340769,Minor injury,1.0,1.0,Single carriageway,Fine no high winds,Daylight,Assam,Jorhat
6585.0,2018-04-27,13:05,26.76245175,94.21157025,Minor injury,1.0,1.0,Single carriageway,Fine no high winds,Daylight,Assam,Jorhat
6586.0,2018-05-05,17:27,26.71869441,94.20708568,Minor injury,2.0,1.0,Single carriageway,Fine no high winds,Daylight,Assam,Jorhat
6587.0,2018-04-06,17:30,26.74295802,94.22464823,Minor injury,2.0,1.0,Single carriageway,Fine no high winds,Daylight,Assam,Jorhat
6588.0,2018-04-22,15:00,26.71885363,94.1949604,Serious injury,2.0,1.0,Single carriageway,Fine no high winds,Daylight,Assam,Jorhat
6589.0,2018-05-03,19:20,26.72892382,94.21427399,Minor injury,2.0,1.0,Single carriageway,Raining no high winds,Daylight,Assam,Jorhat
6590.0,2018-05-03,15:15,26.74185664,94.20455493,Serious injury,1.0,2.0,Single carriageway,Fine no high winds,Daylight,Assam,Jorhat
6591.0,2018-05-03,21:17,26.74239578,94.17430378,Minor injury,2.0,1.0,Single carriageway,Fine no high winds,Darkness - lights lit,Assam,Jorhat
6592.0,2018-05-06,08:13,26.74743349,94.17811659,Serious injury,1.0,1.0,Single carriageway,Fine no high winds,Daylight,Assam,Jorhat
6593.0,2018-05-09,17:00,26.75922401,94.20121154,Minor injury,2.0,1.0,Single carriageway,Fine no high winds,Daylight,Assam,Jorhat
6594.0,2018-05-04,23:55,26.76533182,94.18825135,Minor injury,1.0,1.0,Single carriageway,Fine no high winds,Darkness - lights lit,Assam,Jorhat
6595.0,2018-05-12,17:50,26.75369481,94.19227818,Serious injury,2.0,1.0,Single carriageway,Fine no high winds,Daylight,Assam,Jorhat
6596.0,2018-04-01,17:20,26.75840388,94.1700257,Minor injury,2.0,1.0,Single carriageway,Fine no high winds,Daylight,Assam,Jorhat
6597.0,2018-05-03,07:15,26.7675908,94.17164335,Minor injury,2.0,1.0,Single carriageway,Raining no high winds,Daylight,Assam,Jorhat
6598.0,2018-04-28,14:25,26.72913022,94.199965,Minor injury,2.0,2.0,Single carriageway,Fine no high winds,Daylight,Assam,Jorhat
6599.0,2018-04-20,19:05,26.76450197,94.16703907,Minor injury,2.0,1.0,Single carriageway,Fine no high winds,Daylight,Assam,Jorhat
6600.0,2018-04-20,12:10,26.72173822,94.2218619,Minor injury,2.0,1.0,Single carriageway,Fine no high winds,Daylight,Assam,Jorhat
6601.0,2018-04-19,08:20,26.72672572,94.17089955,Minor injury,2.0,1.0,Roundabout,Fine no high winds,Daylight,Assam,Jorhat
6602.0,2018-05-06,14:50,26.75199173,94.19911802,Minor injury,2.0,1.0,Dual carriageway,Fine no high winds,Daylight,Assam,Jorhat
6603.0,2018-05-15,14:00,26.73809696,94.20068557,Minor injury,2.0,1.0,Single carriageway,Fine no high winds,Daylight,Assam,Jorhat
6604.0,2018-04-07,15:15,26.75802076,94.19752686,Serious injury,1.0,1.0,Single carriageway,Raining no high winds,Daylight,Assam,Jorhat
6605.0,2018-05-03,16:54,26.76250999,94.18574928,Minor injury,1.0,1.0,Single carriageway,Fine no high winds,Daylight,Assam,Jorhat
6606.0,2018-05-10,20:30,26.71775893,94.18659125,Minor injury,2.0,1.0,Slip road,Fine no high winds,Daylight,Assam,Jorhat
6607.0,2018-04-18,15:50,26.7273593,94.19644412,Minor injury,2.0,3.0,Single carriageway,Fine no high winds,Daylight,Assam,Jorhat
6608.0,2018-04-23,15:46,26.76921788,94.21195293,Minor injury,2.0,1.0,Single carriageway,Fine no high winds,Daylight,Assam,Jorhat
6609.0,2018-05-04,17:45,26.75382438,94.19651621,Minor injury,1.0,1.0,Single carriageway,Fine no high winds,Daylight,Assam,Jorhat
6610.0,2018-05-10,10:42,26.72963113,94.19605475,Minor injury,2.0,1.0,Single carriageway,Fine no high winds,Daylight,Assam,Jorhat
6611.0,2018-05-13,23:15,26.72532562,94.2153113,Minor injury,2.0,1.0,Single carriageway,Fine no high winds,Darkness - lights lit,Assam,Jorhat
6612.0,2018-06-02,12:00,26.71847845,94.21062377,Minor injury,2.0,1.0,Single carriageway,Fine no high winds,Daylight,Assam,Jorhat
6613.0,2018-05-27,18:00,26.76855882,94.21427834,Minor injury,2.0,1.0,Dual carriageway,Fine no high winds,Daylight,Assam,Jorhat
6614.0,2018-05-11,09:32,26.73524381,94.22861877,Serious injury,1.0,1.0,Single carriageway,Fine no high winds,Daylight,Assam,Jorhat
6615.0,2018-05-10,16:40,26.7350567,94.20783888,Minor injury,2.0,1.0,Dual carriageway,Fine no high winds,Daylight,Assam,Jorhat
6616.0,2018-05-21,13:00,26.7680781,94.22144441,Minor injury,2.0,1.0,Single carriageway,Fine no high winds,Daylight,Assam,Jorhat
6617.0,2018-05-21,23:00,26.721743,94.21128277,Minor injury,2.0,2.0,Single carriageway,Fine no high winds,Darkness - lights lit,Assam,Jorhat
6618.0,2018-05-14,23:40,26.75351386,94.22147092,Minor injury,2.0,1.0,Single carriageway,Fine no high winds,Darkness - lights lit,Assam,Jorhat
6619.0,2018-05-15,09:03,26.74593909,94.20978352,Minor injury,1.0,1.0,Single carriageway,Fine no high winds,Daylight,Assam,Jorhat
6620.0,2018-05-15,21:48,26.7651722,94.21552257,Minor injury,1.0,1.0,Single carriageway,Fine no high winds,Darkness - lights lit,Assam,Jorhat
6621.0,2018-05-16,16:35,26.76626614,94.21126639,Minor injury,1.0,1.0,Single carriageway,Raining no high winds,Daylight,Assam,Jorhat
6622.0,2018-05-08,05:30,26.76168733,94.2150162,Minor injury,3.0,1.0,Single carriageway,Fine no high winds,Daylight,Assam,Jorhat
6623.0,2018-05-23,00:15,26.73219887,94.19360534,Minor injury,2.0,1.0,Single carriageway,Fine no high winds,Darkness - lights lit,Assam,Jorhat
6624.0,2018-05-12,11:20,26.72206292,94.18237527,Serious injury,2.0,1.0,Single carriageway,Fine no high winds,Daylight,Assam,Jorhat
6625.0,2018-05-11,21:47,26.75225458,94.18731493,Minor injury,2.0,1.0,Single carriageway,Fine no high winds,Daylight,Assam,Jorhat
6626.0,2018-05-11,20:12,26.7176943,94.17402341,Minor injury,1.0,1.0,Single carriageway,Fine no high winds,Daylight,Assam,Jorhat
6627.0,2018-05-16,18:41,26.76114486,94.21069189,Minor injury,2.0,1.0,Single carriageway,Raining no high winds,Daylight,Assam,Jorhat
6628.0,2018-05-05,18:45,26.74086305,94.18099522,Minor injury,2.0,1.0,Single carriageway,Fine no high winds,Daylight,Assam,Jorhat
6629.0,2018-05-17,06:47,26.74410149,94.18494841,Minor injury,2.0,1.0,Single carriageway,Fine no high winds,Darkness - no lighting,Assam,Jorhat
6630.0,2018-05-17,17:39,26.7191754,94.19915581,Minor injury,4.0,2.0,Dual carriageway,Fine no high winds,Daylight,Assam,Jorhat
6631.0,2018-05-20,09:00,26.7203477,94.17367936,Minor injury,1.0,2.0,Single carriageway,Raining no high winds,Daylight,Assam,Jorhat
6632.0,2018-05-20,16:00,26.74266628,94.19277133,Minor injury,1.0,1.0,Single carriageway,Fine no high winds,Daylight,Assam,Jorhat
6633.0,2018-05-20,16:21,26.72043976,94.19791539,Minor injury,1.0,1.0,Single carriageway,Fine no high winds,Daylight,Assam,Jorhat
6634.0,2018-05-20,17:50,26.72211886,94.19803594,Minor injury,2.0,1.0,Single carriageway,Fine no high winds,Daylight,Assam,Jorhat
6635.0,2018-05-18,09:10,26.75348058,94.22846056,Minor injury,2.0,1.0,Single carriageway,Fine no high winds,Daylight,Assam,Jorhat
6636.0,2018-05-23,17:30,26.7210141,94.17268352,Minor injury,2.0,1.0,Single carriageway,Fine no high winds,Daylight,Assam,Jorhat
6637.0,2018-05-24,13:59,26.74161284,94.21182521,Minor injury,1.0,1.0,Single carriageway,Fine no high winds,Daylight,Assam,Jorhat
6638.0,2018-05-24,16:00,26.72856808,94.22410234,Serious injury,1.0,1.0,Single carriageway,Fine no high winds,Daylight,Assam,Jorhat
6639.0,2018-05-24,16:49,26.72974204,94.21893306,Minor injury,2.0,2.0,Single carriageway,Fine no high winds,Daylight,Assam,Jorhat
6640.0,2018-05-24,20:55,26.72829853,94.2161277,Minor injury,3.0,4.0,Dual carriageway,Fine no high winds,Darkness - lights lit,Assam,Jorhat
6641.0,2018-05-24,16:30,26.72789445,94.22736154,Minor injury,2.0,1.0,Single carriageway,Fine no high winds,Daylight,Assam,Jorhat
6642.0,2018-05-27,09:00,26.76898416,94.180494,Minor injury,3.0,1.0,Single carriageway,Fine no high winds,Daylight,Assam,Jorhat
6643.0,2018-05-27,11:08,26.73889861,94.22024028,Minor injury,2.0,1.0,Single carriageway,Raining no high winds,Daylight,Assam,Jorhat
6644.0,2018-05-28,08:09,26.75145165,94.21928847,Minor injury,2.0,1.0,Single carriageway,Fine no high winds,Daylight,Assam,Jorhat
6645.0,2018-04-19,09:00,26.72041445,94.17255146,Minor injury,2.0,1.0,Dual carriageway,Fine no high winds,Daylight,Assam,Jorhat
6646.0,2018-05-29,13:15,26.75110397,94.22006445,Minor injury,2.0,1.0,Single carriageway,Fine no high winds,Daylight,Assam,Jorhat
6647.0,2018-05-29,16:01,26.74487414,94.1711994,Minor injury,2.0,1.0,Single carriageway,Fine no high winds,Daylight,Assam,Jorhat
6648.0,2018-06-03,09:38,26.73168671,94.17379985,Minor injury,1.0,1.0,Single carriageway,Fine no high winds,Daylight,Assam,Jorhat
6649.0,2018-05-12,15:23,26.73458793,94.18845529,Minor injury,1.0,1.0,Single carriageway,Fine no high winds,Daylight,Assam,Jorhat
6650.0,2018-05-09,11:09,26.76500913,94.19082088,Minor injury,1.0,1.0,Roundabout,Fine no high winds,Daylight,Assam,Jorhat
6651.0,2018-05-23,17:58,26.72704494,94.17189692,Minor injury,2.0,1.0,Single carriageway,Fine no high winds,Daylight,Assam,Jorhat
6652.0,2018-05-21,14:49,26.73282656,94.23131778,Minor injury,1.0,1.0,Single carriageway,Fine no high winds,Daylight,Assam,Jorhat
6653.0,2018-05-19,21:15,26.74514175,94.22221146,Minor injury,2.0,1.0,Dual carriageway,Fine no high winds,Darkness - lights lit,Assam,Jorhat
6654.0,2018-05-10,16:50,26.75407475,94.22665237,Minor injury,3.0,1.0,Dual carriageway,Fine no high winds,Daylight,Assam,Jorhat
6655.0,2018-05-07,14:29,26.74753026,94.21524971,Minor injury,2.0,2.0,Single carriageway,Fine no high winds,Daylight,Assam,Jorhat
6656.0,2018-05-13,01:05,26.74790749,94.19159284,Minor injury,2.0,1.0,Single carriageway,Fine no high winds,Darkness - lights lit,Assam,Jorhat
6657.0,2018-06-02,08:35,26.76710238,94.17302761,Minor injury,2.0,1.0,Dual carriageway,Fine no high winds,Daylight,Assam,Jorhat
6658.0,2018-04-18,15:40,26.74279144,94.21847137,Minor injury,3.0,1.0,Single carriageway,Fine no high winds,Daylight,Assam,Jorhat
6659.0,2018-05-06,19:02,26.74240605,94.18007681,Minor injury,1.0,1.0,Single carriageway,Fine no high winds,Daylight,Assam,Jorhat
6660.0,2018-05-13,12:00,26.72292826,94.2171365,Minor injury,1.0,1.0,Single carriageway,Fine no high winds,Daylight,Assam,Jorhat
6661.0,2018-06-03,14:35,26.72630491,94.17355766,Minor injury,2.0,1.0,Single carriageway,Fine no high winds,Daylight,Assam,Jorhat
6662.0,2018-06-06,20:56,26.71792973,94.21049759,Minor injury,1.0,1.0,Single carriageway,Fine no high winds,Darkness - lights lit,Assam,Jorhat
6663.0,2018-06-06,20:38,26.74282133,94.17069266,Minor injury,2.0,1.0,Single carriageway,Fine no high winds,Daylight,Assam,Jorhat
6664.0,2018-06-01,17:04,26.73454208,94.21588578,Minor injury,2.0,1.0,Single carriageway,Raining no high winds,Daylight,Assam,Jorhat
6665.0,2018-06-07,08:02,26.73170587,94.23178465,Minor injury,2.0,2.0,Dual carriageway,Fine no high winds,Daylight,Assam,Jorhat
6666.0,2018-06-07,17:45,26.72974626,94.16705279,Minor injury,1.0,1.0,Single carriageway,Fine no high winds,Daylight,Assam,Jorhat
6667.0,2018-06-07,08:29,26.76521161,94.17866212,Minor injury,2.0,1.0,Dual carriageway,Fine no high winds,Daylight,Assam,Jorhat
6668.0,2018-06-12,16:25,26.74531467,94.17255791,Minor injury,2.0,1.0,Single carriageway,Fine no high winds,Daylight,Assam,Jorhat
6669.0,2018-06-07,17:00,26.76680294,94.16746111,Serious injury,1.0,1.0,Single carriageway,Fine no high winds,Daylight,Assam,Jorhat
6670.0,2018-06-09,22:45,26.72734338,94.16838802,Minor injury,2.0,1.0,Single carriageway,Fine no high winds,Darkness - lights lit,Assam,Jorhat
6671.0,2018-05-29,16:26,26.72727323,94.2218052,Minor injury,3.0,1.0,Single carriageway,Fine no high winds,Daylight,Assam,Jorhat
6672.0,2018-05-31,23:15,26.74595009,94.20056653,Minor injury,2.0,1.0,Single carriageway,Fine no high winds,Darkness - lights lit,Assam,Jorhat
6673.0,2018-05-27,07:45,26.73952299,94.21533085,Minor injury,2.0,2.0,Single carriageway,Fine no high winds,Daylight,Assam,Jorhat
6674.0,2018-06-07,17:45,26.73592842,94.2113554,Minor injury,2.0,1.0,Single carriageway,Fine no high winds,Daylight,Assam,Jorhat
6675.0,2018-04-15,11:40,26.74866941,94.18654826,Minor injury,1.0,1.0,Single carriageway,Fine no high winds,Daylight,Assam,Jorhat
6676.0,2018-06-14,15:30,26.7465514,94.18501575,Minor injury,2.0,1.0,Single carriageway,Fine no high winds,Daylight,Assam,Jorhat
6677.0,2018-05-20,19:22,26.73558636,94.21577681,Minor injury,1.0,1.0,Single carriageway,Fine no high winds,Daylight,Assam,Jorhat
6678.0,2018-05-06,19:35,26.75612395,94.19672401,Minor injury,2.0,1.0,Dual carriageway,Fine no high winds,Darkness - lights lit,Assam,Jorhat
6679.0,2018-06-13,14:45,26.74030199,94.19452285,Minor injury,2.0,1.0,Roundabout,Fine no high winds,Daylight,Assam,Jorhat
6680.0,2018-05-21,12:40,26.75529032,94.18217571,Minor injury,2.0,1.0,Single carriageway,Fine no high winds,Daylight,Assam,Jorhat
6681.0,2018-06-07,13:45,26.76416505,94.19764648,Minor injury,2.0,1.0,Single carriageway,Fine no high winds,Daylight,Assam,Jorhat
6682.0,2018-06-14,08:00,26.72772263,94.17899994,Serious injury,2.0,2.0,Single carriageway,Fine no high winds,Daylight,Assam,Jorhat
6683.0,2018-06-10,08:35,26.76295486,94.20522904,Minor injury,1.0,1.0,Single carriageway,Fine no high winds,Daylight,Assam,Jorhat
6684.0,2018-06-04,21:34,26.74218487,94.17854366,Minor injury,1.0,1.0,Single carriageway,Fine no high winds,Darkness - lights lit,Assam,Jorhat
6685.0,2018-06-17,17:50,26.72354329,94.20138547,Minor injury,2.0,2.0,Single carriageway,Fine no high winds,Daylight,Assam,Jorhat
6686.0,2018-06-18,16:25,26.72972048,94.18439889,Minor injury,2.0,1.0,Single carriageway,Fine no high winds,Daylight,Assam,Jorhat
6687.0,2018-06-01,12:00,26.76444837,94.20791403,Minor injury,1.0,1.0,Single carriageway,Fine no high winds,Daylight,Assam,Jorhat
6688.0,2018-06-23,19:45,26.72205356,94.19820681,Minor injury,2.0,1.0,Single carriageway,Fine no high winds,Daylight,Assam,Jorhat
6689.0,2018-06-22,20:00,26.74732225,94.20707561,Minor injury,2.0,1.0,Single carriageway,Fine no high winds,Darkness - lights lit,Assam,Jorhat
6690.0,2018-05-26,11:00,26.75077121,94.16949267,Minor injury,2.0,1.0,Single carriageway,Fine no high winds,Daylight,Assam,Jorhat
6691.0,2018-06-05,13:11,26.75848929,94.21153395,Minor injury,2.0,2.0,Single carriageway,Fine no high winds,Daylight,Assam,Jorhat
6692.0,2018-02-23,20:17,26.7255488,94.19540367,Minor injury,2.0,1.0,Single carriageway,Fine no high winds,Darkness - lights lit,Assam,Jorhat
6693.0,2018-07-03,09:45,26.73507421,94.19027836,Minor injury,2.0,1.0,Single carriageway,Fine no high winds,Daylight,Assam,Jorhat
6694.0,2018-06-18,14:45,26.72208613,94.19899916,Minor injury,2.0,1.0,Single carriageway,Fine no high winds,Daylight,Assam,Jorhat
6695.0,2018-05-26,10:35,26.7180324,94.18762421,Minor injury,1.0,1.0,Single carriageway,Fine no high winds,Daylight,Assam,Jorhat
6696.0,2018-06-18,01:00,26.76107504,94.18721539,Minor injury,2.0,1.0,Single carriageway,Fine no high winds,Darkness - lights lit,Assam,Jorhat
6697.0,2018-04-30,01:15,26.75649122,94.19662592,Minor injury,2.0,1.0,Single carriageway,Fine no high winds,Darkness - lights lit,Assam,Jorhat
6698.0,2018-06-08,13:35,26.74271156,94.21502306,Minor injury,2.0,1.0,Single carriageway,Fine no high winds,Daylight,Assam,Jorhat
6699.0,2018-06-02,19:05,26.71826087,94.22946509,Minor injury,2.0,2.0,Single carriageway,Fine no high winds,Daylight,Assam,Jorhat
6700.0,2018-06-18,00:15,26.76541367,94.16777463,Serious injury,2.0,2.0,Single carriageway,Fine no high winds,Darkness - lights lit,Assam,Jorhat
6701.0,2018-06-20,14:30,26.75570262,94.22630459,Minor injury,2.0,1.0,Single carriageway,Fine no high winds,Daylight,Assam,Jorhat
6702.0,2018-06-22,16:40,26.71808896,94.22130031,Minor injury,2.0,1.0,Single carriageway,Fine no high winds,Daylight,Assam,Jorhat
6703.0,2018-06-11,16:22,26.71841533,94.18927828,Minor injury,2.0,1.0,Roundabout,Fine no high winds,Daylight,Assam,Jorhat
6704.0,2018-06-04,10:57,26.72245859,94.22411218,Minor injury,2.0,1.0,Single carriageway,Fine no high winds,Daylight,Assam,Jorhat
6705.0,2018-05-15,21:32,26.74817016,94.18184253,Serious injury,1.0,1.0,Single carriageway,Fine no high winds,Daylight,Assam,Jorhat
6706.0,2018-06-03,22:50,26.72684561,94.21579487,Minor injury,2.0,1.0,Dual carriageway,Fine no high winds,Darkness - lights lit,Assam,Jorhat
6707.0,2018-07-03,17:15,26.73486022,94.20754809,Minor injury,2.0,1.0,Single carriageway,Fine no high winds,Daylight,Assam,Jorhat
6708.0,2018-06-09,21:00,26.74461302,94.1873489,Minor injury,1.0,1.0,Single carriageway,Fine no high winds,Darkness - lights lit,Assam,Jorhat
6709.0,2018-06-16,07:40,26.73396011,94.21154316,Minor injury,2.0,1.0,Dual carriageway,Fine no high winds,Daylight,Assam,Jorhat
6710.0,2018-06-09,09:00,26.75539935,94.19946457,Minor injury,2.0,1.0,Dual carriageway,Fine no high winds,Daylight,Assam,Jorhat
6711.0,2018-06-13,12:50,26.76028489,94.20653191,Minor injury,2.0,4.0,Single carriageway,Fine no high winds,Daylight,Assam,Jorhat
6712.0,2018-06-09,16:15,26.7625796,94.22686091,Minor injury,2.0,1.0,Single carriageway,Fine no high winds,Daylight,Assam,Jorhat
6713.0,2018-06-13,10:20,26.75381364,94.17537836,Minor injury,2.0,1.0,Single carriageway,Fine no high winds,Daylight,Assam,Jorhat
6714.0,2018-07-05,19:10,26.72172456,94.17444777,Minor injury,2.0,1.0,Single carriageway,Fine no high winds,Daylight,Assam,Jorhat
6715.0,2018-06-29,07:45,26.71952423,94.21315218,Minor injury,2.0,1.0,Single carriageway,Fine no high winds,Daylight,Assam,Jorhat
6716.0,2018-07-03,10:20,26.74043948,94.22779636,Minor injury,2.0,1.0,Single carriageway,Fine no high winds,Daylight,Assam,Jorhat
6717.0,2018-07-04,18:48,26.74618682,94.19119301,Minor injury,1.0,1.0,Single carriageway,Raining no high winds,Daylight,Assam,Jorhat
6718.0,2018-06-12,13:40,26.75824268,94.19793367,Minor injury,1.0,1.0,Single carriageway,Fine no high winds,Daylight,Assam,Jorhat
6719.0,2018-06-24,07:15,26.74919396,94.17193964,Minor injury,2.0,1.0,Single carriageway,Fine no high winds,Daylight,Assam,Jorhat
6720.0,2018-07-05,17:55,26.76142571,94.2201185,Minor injury,2.0,1.0,Single carriageway,Fine no high winds,Daylight,Assam,Jorhat
6721.0,2018-07-06,15:25,26.74677023,94.195662,Minor injury,1.0,1.0,Single carriageway,Fine no high winds,Daylight,Assam,Jorhat
6722.0,2018-07-05,01:00,26.73805255,94.20583578,Minor injury,2.0,1.0,Single carriageway,Fine no high winds,Darkness - lights lit,Assam,Jorhat
6723.0,2018-06-28,15:40,26.7392895,94.18808641,Minor injury,2.0,1.0,Single carriageway,Fine no high winds,Daylight,Assam,Jorhat
6724.0,2018-06-14,11:26,26.75362612,94.21867194,Minor injury,3.0,1.0,Single carriageway,Fine no high winds,Daylight,Assam,Jorhat
6725.0,2018-07-11,20:02,26.72050049,94.16964849,Minor injury,2.0,1.0,Single carriageway,Fine no high winds,Daylight,Assam,Jorhat
6726.0,2018-06-26,20:35,26.76668481,94.17374825,Minor injury,4.0,1.0,Single carriageway,Fine no high winds,Darkness - lights lit,Assam,Jorhat
6727.0,2018-07-04,19:40,26.76498371,94.167559,Minor injury,2.0,1.0,Single carriageway,Fine no high winds,Daylight,Assam,Jorhat
6728.0,2018-06-25,13:10,26.73867124,94.21975356,Minor injury,1.0,1.0,Dual carriageway,Fine no high winds,Daylight,Assam,Jorhat
6729.0,2018-06-21,13:37,26.75003379,94.21776109,Minor injury,1.0,1.0,Single carriageway,Fine no high winds,Daylight,Assam,Jorhat
6730.0,2018-06-07,14:40,26.76744751,94.19686263,Serious injury,3.0,2.0,Single carriageway,Fine no high winds,Daylight,Assam,Jorhat
6731.0,2018-06-13,07:58,26.71801041,94.17257633,Minor injury,2.0,1.0,Dual carriageway,Fine no high winds,Daylight,Assam,Jorhat
6732.0,2018-06-26,21:50,26.76464847,94.19610395,Minor injury,1.0,1.0,Single carriageway,Fine no high winds,Darkness - lights lit,Assam,Jorhat
6733.0,2018-06-12,11:05,26.75792865,94.19085656,Minor injury,1.0,1.0,Single carriageway,Fine no high winds,Daylight,Assam,Jorhat
6734.0,2018-06-14,07:10,26.74597044,94.2098687,Minor injury,1.0,1.0,Single carriageway,Fine no high winds,Daylight,Assam,Jorhat
6735.0,2018-06-04,17:05,26.73971508,94.22829922,Minor injury,1.0,1.0,Single carriageway,Fine no high winds,Daylight,Assam,Jorhat
6736.0,2018-06-13,21:30,26.75098155,94.18111285,Minor injury,2.0,1.0,Single carriageway,Fine no high winds,Darkness - lights lit,Assam,Jorhat
6737.0,2018-06-11,08:21,26.76470162,94.2109564,Minor injury,2.0,1.0,Single carriageway,Fine no high winds,Daylight,Assam,Jorhat
6738.0,2018-06-30,00:28,26.76141782,94.1937834,Minor injury,2.0,2.0,Single carriageway,Fine no high winds,Darkness - lights lit,Assam,Jorhat
6739.0,2018-06-28,09:35,26.72984335,94.22598336,Serious injury,3.0,2.0,Dual carriageway,Fine no high winds,Daylight,Assam,Jorhat
6740.0,2018-06-23,17:12,26.75585973,94.21984101,Minor injury,2.0,1.0,One way street,Fine no high winds,Daylight,Assam,Jorhat
6741.0,2018-06-11,15:37,26.71822516,94.21303504,Minor injury,3.0,1.0,Single carriageway,Fine no high winds,Daylight,Assam,Jorhat
6742.0,2018-06-01,19:28,26.74690999,94.19847091,Minor injury,1.0,2.0,Single carriageway,Raining no high winds,Daylight,Assam,Jorhat
6743.0,2018-06-28,19:55,26.76172059,94.18957343,Minor injury,2.0,2.0,One way street,Fine no high winds,Daylight,Assam,Jorhat
6744.0,2018-07-11,16:30,26.75057847,94.21416553,Minor injury,2.0,1.0,Single carriageway,Fine no high winds,Daylight,Assam,Jorhat
6745.0,2018-06-20,15:15,26.75213474,94.19491458,Minor injury,1.0,1.0,Single carriageway,Fine no high winds,Daylight,Assam,Jorhat
6746.0,2018-06-15,16:00,26.72285741,94.22745329,Minor injury,2.0,1.0,Single carriageway,Fine no high winds,Daylight,Assam,Jorhat
6747.0,2018-06-03,14:20,26.75711493,94.22408118,Serious injury,1.0,2.0,Single carriageway,Fine no high winds,Daylight,Assam,Jorhat
6748.0,2018-05-26,09:09,26.73903323,94.17525293,Minor injury,2.0,1.0,Dual carriageway,Fine no high winds,Daylight,Assam,Jorhat
6749.0,2018-06-16,07:35,26.74722261,94.19364485,Minor injury,2.0,1.0,Single carriageway,Fine no high winds,Daylight,Assam,Jorhat
6750.0,2018-06-26,19:13,26.71816546,94.16756749,Serious injury,2.0,1.0,Single carriageway,Fine no high winds,Daylight,Assam,Jorhat
6751.0,2018-06-30,16:07,26.72455184,94.21813033,Minor injury,2.0,1.0,Single carriageway,Fine no high winds,Daylight,Assam,Jorhat
6752.0,2018-07-07,08:26,26.75618046,94.21844015,Minor injury,2.0,1.0,Single carriageway,Fine no high winds,Daylight,Assam,Jorhat
6753.0,2018-07-04,22:46,26.73020975,94.19176946,Minor injury,3.0,1.0,Roundabout,Fine no high winds,Darkness - lights lit,Assam,Jorhat
6754.0,2018-07-14,15:15,26.73055094,94.1695636,Minor injury,2.0,1.0,Single carriageway,Fine no high winds,Daylight,Assam,Jorhat
6755.0,2018-07-14,10:42,26.76537309,94.19707295,Minor injury,2.0,1.0,Dual carriageway,Fine no high winds,Daylight,Assam,Jorhat
6756.0,2018-07-14,08:40,26.7610228,94.21604876,Serious injury,1.0,1.0,Single carriageway,Fine no high winds,Daylight,Assam,Jorhat
6757.0,2018-07-09,17:05,26.72863036,94.19741408,Minor injury,1.0,2.0,Single carriageway,Fine no high winds,Daylight,Assam,Jorhat
6758.0,2018-07-14,11:45,26.74830569,94.17102525,Minor injury,3.0,1.0,Single carriageway,Fine no high winds,Daylight,Assam,Jorhat
6759.0,2018-07-22,09:25,26.76041488,94.18254742,Minor injury,2.0,1.0,Roundabout,Fine no high winds,Daylight,Assam,Jorhat
6760.0,2018-07-17,11:06,26.73461004,94.18889002,Minor injury,3.0,2.0,Single carriageway,Fine no high winds,Daylight,Assam,Jorhat
6761.0,2018-07-25,15:32,26.73529637,94.18727607,Minor injury,2.0,1.0,Single carriageway,Fine no high winds,Daylight,Assam,Jorhat
6762.0,2018-07-21,09:05,26.75971907,94.17503601,Minor injury,1.0,1.0,Single carriageway,Fine no high winds,Daylight,Assam,Jorhat
6763.0,2018-07-15,08:30,26.76859416,94.21724021,Minor injury,2.0,1.0,Single carriageway,Fine no high winds,Daylight,Assam,Jorhat
6764.0,2018-07-21,14:37,26.75862013,94.17675177,Minor injury,1.0,1.0,One way street,Fine no high winds,Daylight,Assam,Jorhat
6765.0,2018-07-23,19:53,26.74859607,94.23085107,Minor injury,2.0,1.0,Single carriageway,Fine no high winds,Daylight,Assam,Jorhat
6766.0,2018-07-30,02:05,26.74855722,94.21208378,Minor injury,1.0,1.0,Dual carriageway,Fine no high winds,Darkness - lights lit,Assam,Jorhat
6767.0,2018-07-21,18:59,26.74883136,94.17163854,Serious injury,2.0,1.0,Single carriageway,Fine no high winds,Daylight,Assam,Jorhat
6768.0,2018-07-10,20:39,26.73713094,94.18434997,Minor injury,1.0,1.0,Single carriageway,Fine no high winds,Daylight,Assam,Jorhat
6769.0,2018-07-18,18:10,26.73051532,94.22470273,Minor injury,2.0,1.0,Single carriageway,Fine no high winds,Daylight,Assam,Jorhat
6770.0,2018-07-20,15:50,26.76935019,94.17623198,Minor injury,1.0,1.0,Single carriageway,Fine no high winds,Daylight,Assam,Jorhat
6771.0,2018-07-29,17:12,26.74408065,94.17566784,Minor injury,2.0,1.0,Single carriageway,Fine no high winds,Daylight,Assam,Jorhat
6772.0,2018-07-14,09:35,26.71814503,94.22229481,Minor injury,2.0,1.0,Single carriageway,Fine no high winds,Daylight,Assam,Jorhat
6773.0,2018-07-20,17:46,26.73324381,94.17134376,Minor injury,2.0,1.0,Roundabout,Fine no high winds,Daylight,Assam,Jorhat
6774.0,2018-07-09,15:31,26.74497583,94.18478953,Minor injury,2.0,1.0,Single carriageway,Fine no high winds,Daylight,Assam,Jorhat
6775.0,2018-07-31,18:18,26.71831395,94.21335398,Minor injury,2.0,1.0,Single carriageway,Fine no high winds,Daylight,Assam,Jorhat
6776.0,2018-07-31,12:25,26.7473512,94.2207892,Serious injury,1.0,1.0,Single carriageway,Fine no high winds,Daylight,Assam,Jorhat
6777.0,2018-07-25,17:12,26.74093538,94.21910208,Minor injury,2.0,1.0,Single carriageway,Fine no high winds,Daylight,Assam,Jorhat
6778.0,2018-07-21,10:35,26.75916176,94.18968927,Serious injury,2.0,3.0,Single carriageway,Fine no high winds,Daylight,Assam,Jorhat
6779.0,2018-07-18,11:05,26.71996432,94.16701639,Minor injury,4.0,4.0,Single carriageway,Fine no high winds,Daylight,Assam,Jorhat
6780.0,2018-07-22,11:40,26.76018236,94.21318278,Minor injury,2.0,2.0,Single carriageway,Fine no high winds,Daylight,Assam,Jorhat
6781.0,2018-07-21,11:51,26.75535812,94.17072695,Minor injury,1.0,1.0,Single carriageway,Fine no high winds,Daylight,Assam,Jorhat
6782.0,2018-07-26,19:42,26.75412348,94.2297291,Minor injury,1.0,1.0,Single carriageway,Fine no high winds,Daylight,Assam,Jorhat
6783.0,2018-07-25,21:34,26.75850025,94.21936441,Minor injury,2.0,1.0,Single carriageway,Fine no high winds,Darkness - lights lit,Assam,Jorhat
6784.0,2018-07-21,10:14,26.73099514,94.23124449,Minor injury,2.0,1.0,Single carriageway,Fine no high winds,Daylight,Assam,Jorhat
6785.0,2018-07-20,18:12,26.76449288,94.19748733,Minor injury,2.0,1.0,Single carriageway,Fine no high winds,Daylight,Assam,Jorhat
6786.0,2018-07-29,13:45,26.75365489,94.20414411,Minor injury,2.0,1.0,Single carriageway,Fine no high winds,Daylight,Assam,Jorhat
6787.0,2018-08-10,15:00,26.72432335,94.2084855,Serious injury,1.0,1.0,Single carriageway,Fine no high winds,Daylight,Assam,Jorhat
6788.0,2018-08-08,16:55,26.75702665,94.18149003,Minor injury,2.0,1.0,Single carriageway,Fine no high winds,Daylight,Assam,Jorhat
6789.0,2018-07-29,16:43,26.76813414,94.20133861,Minor injury,1.0,1.0,Single carriageway,Fine no high winds,Daylight,Assam,Jorhat
6790.0,2018-08-05,08:15,26.72956509,94.17591234,Serious injury,2.0,1.0,Single carriageway,Fine no high winds,Daylight,Assam,Jorhat
6791.0,2018-08-06,22:23,26.72422213,94.17027894,Minor injury,2.0,1.0,Dual carriageway,Fine no high winds,Darkness - lights lit,Assam,Jorhat
6792.0,2018-07-25,06:30,26.75476231,94.17854743,Minor injury,2.0,1.0,Single carriageway,Raining no high winds,Daylight,Assam,Jorhat
6793.0,2018-07-13,19:20,26.73481929,94.21115072,Minor injury,1.0,1.0,Single carriageway,Fine no high winds,Daylight,Assam,Jorhat
6794.0,2018-07-24,11:00,26.73677297,94.23040473,Minor injury,2.0,1.0,Single carriageway,Fine no high winds,Daylight,Assam,Jorhat
6795.0,2018-07-23,10:40,26.72565418,94.17856964,Minor injury,2.0,1.0,Single carriageway,Fine no high winds,Daylight,Assam,Jorhat
6796.0,2018-07-13,07:20,26.73307428,94.22486438,Minor injury,2.0,1.0,Single carriageway,Fine no high winds,Daylight,Assam,Jorhat
6797.0,2018-07-29,16:30,26.71840663,94.18891384,Minor injury,2.0,1.0,Single carriageway,Fine no high winds,Daylight,Assam,Jorhat
6798.0,2018-07-25,11:50,26.73493328,94.21596975,Minor injury,3.0,1.0,Single carriageway,Fine no high winds,Daylight,Assam,Jorhat
6799.0,2018-07-25,08:30,26.74542009,94.22288627,Minor injury,2.0,1.0,Single carriageway,Fine no high winds,Daylight,Assam,Jorhat
6800.0,2018-05-15,14:05,26.72650183,94.1918684,Minor injury,2.0,1.0,Single carriageway,Fine no high winds,Daylight,Assam,Jorhat
6801.0,2018-08-12,15:00,26.7271787,94.2305904,Minor injury,3.0,1.0,Single carriageway,Fine no high winds,Daylight,Assam,Jorhat
6802.0,2018-07-23,12:00,26.75532677,94.17728257,Minor injury,2.0,1.0,Single carriageway,Fine no high winds,Daylight,Assam,Jorhat
6803.0,2018-07-29,19:25,26.71978919,94.20894578,Minor injury,2.0,1.0,Single carriageway,Fine no high winds,Daylight,Assam,Jorhat
6804.0,2018-07-31,19:25,26.75875196,94.1751388,Minor injury,2.0,1.0,Single carriageway,Fine no high winds,Daylight,Assam,Jorhat
6805.0,2018-07-26,10:30,26.7257588,94.20424708,Minor injury,2.0,1.0,Single carriageway,Fine no high winds,Daylight,Assam,Jorhat
6806.0,2018-07-17,12:00,26.71982344,94.22583141,Minor injury,2.0,1.0,Single carriageway,Fine no high winds,Daylight,Assam,Jorhat
6807.0,2018-07-31,13:40,26.74633602,94.20235288,Minor injury,2.0,1.0,Single carriageway,Fine no high winds,Daylight,Assam,Jorhat
6808.0,2018-08-16,16:15,26.73406851,94.19726982,Minor injury,2.0,1.0,Single carriageway,Fine no high winds,Daylight,Assam,Jorhat
6809.0,2018-08-17,11:32,26.73064966,94.21822343,Minor injury,1.0,1.0,Single carriageway,Fine no high winds,Daylight,Assam,Jorhat
6810.0,2018-08-11,19:20,26.73265695,94.22132398,Minor injury,2.0,1.0,Single carriageway,Fine no high winds,Daylight,Assam,Jorhat
6811.0,2018-08-15,14:11,26.76954733,94.20578269,Minor injury,3.0,2.0,Single carriageway,Fine no high winds,Daylight,Assam,Jorhat
6812.0,2018-08-11,19:55,26.74382296,94.2264407,Minor injury,2.0,1.0,Single carriageway,Fine no high winds,Daylight,Assam,Jorhat
6813.0,2018-08-11,12:16,26.73862972,94.21883287,Minor injury,1.0,1.0,Single carriageway,Fine no high winds,Daylight,Assam,Jorhat
6814.0,2018-07-27,06:43,26.73192544,94.16836296,Minor injury,2.0,1.0,Single carriageway,Raining no high winds,Daylight,Assam,Jorhat
6815.0,2018-08-15,04:39,26.76811,94.20841321,Minor injury,1.0,1.0,Roundabout,Fine no high winds,Darkness - lights lit,Assam,Jorhat
6816.0,2018-08-10,14:47,26.73587265,94.22678335,Minor injury,1.0,1.0,Single carriageway,Fine no high winds,Daylight,Assam,Jorhat
6817.0,2018-08-18,14:29,26.72409251,94.22238084,Minor injury,2.0,1.0,Single carriageway,Fine no high winds,Daylight,Assam,Jorhat
6818.0,2018-08-11,22:35,26.74808381,94.17364768,Minor injury,2.0,1.0,Single carriageway,Fine no high winds,Darkness - lights lit,Assam,Jorhat
6819.0,2018-08-20,20:03,26.72291096,94.21063,Minor injury,2.0,2.0,Single carriageway,Fine no high winds,Darkness - lights lit,Assam,Jorhat
6820.0,2018-08-15,22:00,26.75603809,94.2052722,Minor injury,3.0,2.0,Single carriageway,Fine no high winds,Darkness - lights lit,Assam,Jorhat
6821.0,2018-08-19,13:00,26.73501219,94.16902694,Minor injury,2.0,1.0,Dual carriageway,Raining no high winds,Daylight,Assam,Jorhat
6822.0,2018-08-19,08:11,26.745262,94.2135499,Minor injury,4.0,1.0,Single carriageway,Raining no high winds,Daylight,Assam,Jorhat
6823.0,2018-08-21,21:00,26.75096788,94.21308433,Minor injury,1.0,1.0,Single carriageway,Fine no high winds,Darkness - lights lit,Assam,Jorhat
6824.0,2018-08-12,13:35,26.72046455,94.19998783,Minor injury,1.0,1.0,Single carriageway,Fine no high winds,Daylight,Assam,Jorhat
6825.0,2018-08-11,09:00,26.7644049,94.20344059,Minor injury,2.0,1.0,Single carriageway,Fine no high winds,Daylight,Assam,Jorhat
6826.0,2018-05-21,09:30,26.76563411,94.19829758,Minor injury,1.0,1.0,Single carriageway,Fine no high winds,Daylight,Assam,Jorhat
6827.0,2018-08-20,08:31,26.75233607,94.22147015,Minor injury,2.0,1.0,Single carriageway,Fine no high winds,Daylight,Assam,Jorhat
6828.0,2018-08-26,17:20,26.74920494,94.17010443,Minor injury,2.0,1.0,Single carriageway,Fine no high winds,Daylight,Assam,Jorhat
6829.0,2018-08-09,13:10,26.76565587,94.1922643,Serious injury,2.0,1.0,Dual carriageway,Fine no high winds,Daylight,Assam,Jorhat
6830.0,2018-08-29,13:50,26.72807476,94.19670764,Minor injury,2.0,1.0,Single carriageway,Fine no high winds,Daylight,Assam,Jorhat
6831.0,2018-08-28,17:50,26.75244858,94.22402903,Minor injury,2.0,1.0,Single carriageway,Fine no high winds,Daylight,Assam,Jorhat
6832.0,2018-08-22,16:36,26.73818361,94.18555824,Serious injury,3.0,2.0,Single carriageway,Raining no high winds,Daylight,Assam,Jorhat
6833.0,2018-08-22,17:55,26.75433509,94.203624,Minor injury,2.0,1.0,Single carriageway,Raining no high winds,Daylight,Assam,Jorhat
6834.0,2018-08-26,23:10,26.75981896,94.17664532,Minor injury,2.0,1.0,Single carriageway,Fine no high winds,Darkness - lights lit,Assam,Jorhat
6835.0,2018-08-20,13:30,26.74167134,94.21805325,Minor injury,3.0,1.0,Single carriageway,Fine no high winds,Daylight,Assam,Jorhat
6836.0,2018-07-31,02:43,26.75556823,94.17570079,Minor injury,2.0,2.0,Dual carriageway,Fine no high winds,Darkness - lights lit,Assam,Jorhat
6837.0,2018-08-04,05:06,26.73911479,94.18484423,Serious injury,1.0,1.0,Single carriageway,Fine no high winds,Daylight,Assam,Jorhat
6838.0,2018-08-04,19:00,26.73741243,94.22100834,Minor injury,2.0,1.0,Single carriageway,Fine no high winds,Daylight,Assam,Jorhat
6839.0,2018-08-05,17:58,26.74239122,94.2063078,Minor injury,2.0,1.0,Single carriageway,Fine no high winds,Daylight,Assam,Jorhat
6840.0,2018-08-23,23:25,26.76213637,94.21621184,Minor injury,2.0,1.0,Single carriageway,Fine no high winds,Darkness - lights lit,Assam,Jorhat
6841.0,2018-08-23,05:30,26.71914852,94.20370064,Minor injury,1.0,1.0,Single carriageway,Fine no high winds,Daylight,Assam,Jorhat
6842.0,2018-08-22,10:31,26.75245914,94.2163523,Minor injury,3.0,1.0,Single carriageway,Raining no high winds,Daylight,Assam,Jorhat
6843.0,2018-08-18,15:44,26.73025873,94.21464376,Minor injury,2.0,1.0,Single carriageway,Fine no high winds,Daylight,Assam,Jorhat
6844.0,2018-08-20,15:41,26.75664606,94.20459866,Minor injury,2.0,1.0,Single carriageway,Fine no high winds,Daylight,Assam,Jorhat
6845.0,2018-09-02,20:55,26.73125655,94.18054677,Minor injury,2.0,1.0,Single carriageway,Fine no high winds,Daylight,Assam,Jorhat
6846.0,2018-09-05,19:00,26.75696444,94.20276399,Minor injury,2.0,1.0,Single carriageway,Fine no high winds,Daylight,Assam,Jorhat
6847.0,2018-08-22,23:12,26.76281244,94.18193369,Minor injury,1.0,1.0,Single carriageway,Fine no high winds,Darkness - lights lit,Assam,Jorhat
6848.0,2018-08-13,21:38,26.75840454,94.20351115,Serious injury,2.0,6.0,Single carriageway,Raining no high winds,Darkness - lights lit,Assam,Jorhat
6849.0,2018-09-03,17:35,26.72541025,94.17181997,Minor injury,2.0,1.0,Roundabout,Fine no high winds,Daylight,Assam,Jorhat
6850.0,2018-08-31,19:32,26.7582667,94.21398627,Minor injury,2.0,1.0,Single carriageway,Fine no high winds,Daylight,Assam,Jorhat
6851.0,2018-09-11,01:30,26.73769108,94.20512266,Minor injury,2.0,1.0,Single carriageway,Fine no high winds,Darkness - lights lit,Assam,Jorhat
6852.0,2018-08-27,19:11,26.75690359,94.22702959,Serious injury,1.0,1.0,Single carriageway,Fine no high winds,Daylight,Assam,Jorhat
6853.0,2018-09-03,12:06,26.76090885,94.19182898,Minor injury,2.0,3.0,Single carriageway,Fine no high winds,Daylight,Assam,Jorhat
6854.0,2018-08-07,20:32,26.75029349,94.2163696,Minor injury,1.0,1.0,Single carriageway,Fine no high winds,Daylight,Assam,Jorhat
6855.0,2018-08-10,20:15,26.76691561,94.23128714,Serious injury,2.0,3.0,Single carriageway,Fine no high winds,Daylight,Assam,Jorhat
6856.0,2018-08-02,08:48,26.75020232,94.22671709,Minor injury,2.0,1.0,Single carriageway,Fine no high winds,Daylight,Assam,Jorhat
6857.0,2018-08-06,09:55,26.7180515,94.21624011,Minor injury,2.0,2.0,Single carriageway,Fine no high winds,Daylight,Assam,Jorhat
6858.0,2018-08-06,09:57,26.73582831,94.18146548,Minor injury,1.0,1.0,Single carriageway,Fine no high winds,Daylight,Assam,Jorhat
6859.0,2018-08-02,07:20,26.76708801,94.22788666,Minor injury,2.0,1.0,Single carriageway,Fine no high winds,Daylight,Assam,Jorhat
6860.0,2018-09-03,10:30,26.76731562,94.21546342,Minor injury,2.0,1.0,Single carriageway,Fine no high winds,Daylight,Assam,Jorhat
6861.0,2018-08-09,13:06,26.74066203,94.17516981,Minor injury,2.0,1.0,Single carriageway,Fine no high winds,Daylight,Assam,Jorhat
6862.0,2018-08-08,16:25,26.75609402,94.18680698,Minor injury,1.0,1.0,Single carriageway,Fine no high winds,Daylight,Assam,Jorhat
6863.0,2018-07-29,14:22,26.75496655,94.17014936,Minor injury,3.0,1.0,Single carriageway,Fine no high winds,Daylight,Assam,Jorhat
6864.0,2018-09-12,17:30,26.7273348,94.19656483,Minor injury,2.0,1.0,Single carriageway,Fine no high winds,Daylight,Assam,Jorhat
6865.0,2018-08-05,08:55,26.74555029,94.17674945,Minor injury,2.0,1.0,Dual carriageway,Raining no high winds,Daylight,Assam,Jorhat
6866.0,2018-09-03,23:40,26.75396366,94.17752899,Minor injury,1.0,1.0,Single carriageway,Fine no high winds,Darkness - lights lit,Assam,Jorhat
6867.0,2018-07-25,16:10,26.74637367,94.18694123,Minor injury,2.0,1.0,Dual carriageway,Fine no high winds,Daylight,Assam,Jorhat
6868.0,2018-09-12,11:40,26.74180077,94.1742773,Minor injury,2.0,1.0,Single carriageway,Fine no high winds,Daylight,Assam,Jorhat
6869.0,2018-09-08,11:14,26.73622578,94.18660442,Serious injury,3.0,2.0,Single carriageway,Fine no high winds,Daylight,Assam,Jorhat
6870.0,2018-08-29,18:00,26.74718506,94.21540975,Minor injury,3.0,1.0,Single carriageway,Fine no high winds,Daylight,Assam,Jorhat
6871.0,2018-08-30,07:58,26.72900157,94.21694102,Minor injury,2.0,2.0,Single carriageway,Fine no high winds,Daylight,Assam,Jorhat
6872.0,2018-09-03,09:08,26.72526714,94.17089072,Minor injury,2.0,1.0,Single carriageway,Fine no high winds,Daylight,Assam,Jorhat
6873.0,2018-09-11,10:00,26.75930342,94.20653939,Minor injury,2.0,1.0,Single carriageway,Fine no high winds,Daylight,Assam,Jorhat
6874.0,2018-08-16,14:04,26.74421325,94.1797789,Serious injury,1.0,1.0,Single carriageway,Fine no high winds,Daylight,Assam,Jorhat
6875.0,2018-09-05,12:05,26.74954232,94.2076026,Minor injury,2.0,1.0,Dual carriageway,Fine no high winds,Daylight,Assam,Jorhat
6876.0,2018-09-10,16:55,26.756395,94.18476342,Minor injury,2.0,1.0,Dual carriageway,Raining no high winds,Daylight,Assam,Jorhat
6877.0,2018-09-10,13:00,26.74877251,94.18213483,Minor injury,2.0,1.0,Single carriageway,Fine no high winds,Daylight,Assam,Jorhat
6878.0,2018-09-09,12:30,26.72395248,94.23093848,Minor injury,1.0,1.0,Single carriageway,Fine no high winds,Daylight,Assam,Jorhat
6879.0,2018-09-06,08:00,26.76731483,94.16826215,Minor injury,2.0,1.0,Single carriageway,Fine no high winds,Daylight,Assam,Jorhat
6880.0,2018-09-06,07:35,26.7348236,94.20544203,Minor injury,2.0,1.0,Single carriageway,Fine no high winds,Daylight,Assam,Jorhat
6881.0,2018-09-04,14:30,26.75622544,94.22167257,Minor injury,2.0,1.0,Single carriageway,Fine no high winds,Daylight,Assam,Jorhat
6882.0,2018-09-23,09:40,26.7541851,94.23137789,Minor injury,1.0,1.0,Single carriageway,Fine no high winds,Daylight,Assam,Jorhat
6883.0,2018-09-03,22:29,26.74337326,94.21909863,Serious injury,1.0,1.0,Single carriageway,Fine no high winds,Daylight,Assam,Jorhat
6884.0,2018-09-26,17:55,26.74071685,94.19244323,Minor injury,1.0,1.0,Single carriageway,Fine no high winds,Daylight,Assam,Jorhat
6885.0,2018-09-06,12:15,26.74998292,94.18303988,Minor injury,2.0,1.0,Single carriageway,Fine no high winds,Daylight,Assam,Jorhat
6886.0,2018-09-15,15:27,26.74501218,94.20852163,Minor injury,1.0,1.0,Single carriageway,Fine no high winds,Daylight,Assam,Jorhat
6887.0,2018-09-09,08:53,26.73483782,94.17756411,Serious injury,3.0,1.0,Dual carriageway,Fine no high winds,Daylight,Assam,Jorhat
6888.0,2018-09-12,15:30,26.75129401,94.18083275,Minor injury,2.0,1.0,Single carriageway,Fine no high winds,Daylight,Assam,Jorhat
6889.0,2018-09-10,11:40,26.74378518,94.22327583,Minor injury,2.0,1.0,Single carriageway,Raining no high winds,Daylight,Assam,Jorhat
6890.0,2018-08-29,12:45,26.75696749,94.16820404,Minor injury,2.0,1.0,Single carriageway,Fine no high winds,Daylight,Assam,Jorhat
6891.0,2018-09-11,12:55,26.73126241,94.21967113,Minor injury,1.0,1.0,Single carriageway,Raining no high winds,Daylight,Assam,Jorhat
6892.0,2018-09-07,11:43,26.7186301,94.18321302,Minor injury,2.0,1.0,Roundabout,Fine no high winds,Daylight,Assam,Jorhat
6893.0,2018-09-23,14:00,26.72187721,94.23132035,Serious injury,4.0,1.0,Single carriageway,Raining no high winds,Daylight,Assam,Jorhat
6894.0,2018-09-12,13:25,26.7367963,94.18406904,Minor injury,2.0,1.0,Single carriageway,Fine no high winds,Daylight,Assam,Jorhat
6895.0,2018-09-19,15:51,26.74108169,94.20559463,Minor injury,1.0,1.0,Single carriageway,Fine no high winds,Daylight,Assam,Jorhat
6896.0,2018-09-20,13:15,26.76571612,94.19451301,Minor injury,2.0,1.0,Single carriageway,Fine no high winds,Daylight,Assam,Jorhat
6897.0,2018-09-21,07:15,26.75969883,94.18106453,Minor injury,2.0,1.0,Single carriageway,Fine no high winds,Daylight,Assam,Jorhat
6898.0,2018-09-10,06:45,26.76575287,94.21197782,Minor injury,1.0,1.0,Roundabout,Fine no high winds,Daylight,Assam,Jorhat
6899.0,2018-09-16,10:06,26.75618242,94.19497699,Minor injury,2.0,1.0,One way street,Fine no high winds,Daylight,Assam,Jorhat
6900.0,2018-09-07,19:11,26.76141583,94.20920432,Minor injury,2.0,1.0,Single carriageway,Fine no high winds,Daylight,Assam,Jorhat
6901.0,2018-09-15,15:40,26.75627871,94.2005676,Minor injury,1.0,1.0,Single carriageway,Fine no high winds,Daylight,Assam,Jorhat
6902.0,2018-09-13,16:26,26.75737658,94.16972388,Minor injury,2.0,1.0,Single carriageway,Fine no high winds,Daylight,Assam,Jorhat
6903.0,2018-09-14,17:15,26.75073225,94.21217404,Minor injury,1.0,1.0,Single carriageway,Fine no high winds,Daylight,Assam,Jorhat
6904.0,2018-08-20,13:30,26.73000141,94.16974828,Minor injury,2.0,1.0,Single carriageway,Fine no high winds,Daylight,Assam,Jorhat
6905.0,2018-10-02,01:05,26.72582073,94.18055311,Minor injury,2.0,1.0,Single carriageway,Fine no high winds,Darkness - lights lit,Assam,Jorhat
6906.0,2018-03-23,16:30,26.75850822,94.21014271,Minor injury,2.0,1.0,Roundabout,Fine no high winds,Daylight,Assam,Jorhat
6907.0,2018-09-14,09:10,26.74890781,94.17903902,Minor injury,1.0,1.0,Single carriageway,Fine no high winds,Daylight,Assam,Jorhat
6908.0,2018-07-12,17:45,26.76216349,94.172582,Minor injury,2.0,1.0,Single carriageway,Fine no high winds,Daylight,Assam,Jorhat
6909.0,2018-09-21,09:30,26.74016587,94.22112006,Serious injury,1.0,1.0,Single carriageway,Fine no high winds,Daylight,Assam,Jorhat
6910.0,2018-09-16,18:09,26.72534759,94.18373857,Minor injury,2.0,1.0,Single carriageway,Fine no high winds,Daylight,Assam,Jorhat
6911.0,2018-09-16,08:22,26.71773229,94.17715909,Minor injury,2.0,1.0,Single carriageway,Fine no high winds,Daylight,Assam,Jorhat
6912.0,2018-09-05,21:30,26.73552753,94.19625988,Minor injury,2.0,1.0,Single carriageway,Fine no high winds,Darkness - lights lit,Assam,Jorhat
6913.0,2018-09-01,11:30,26.74769981,94.175517,Minor injury,2.0,1.0,Single carriageway,Fine no high winds,Daylight,Assam,Jorhat
6914.0,2018-09-17,15:10,26.72493087,94.17754938,Serious injury,2.0,1.0,Single carriageway,Fine no high winds,Daylight,Assam,Jorhat
6915.0,2018-06-28,10:30,26.72248681,94.1793349,Minor injury,2.0,1.0,Single carriageway,Fine no high winds,Daylight,Assam,Jorhat
6916.0,2018-10-08,18:40,26.72160672,94.18144605,Minor injury,1.0,1.0,Single carriageway,Fine no high winds,Daylight,Assam,Jorhat
6917.0,2018-10-10,08:45,26.72792874,94.19141265,Minor injury,1.0,1.0,Single carriageway,Fine no high winds,Daylight,Assam,Jorhat
6918.0,2018-10-07,19:50,26.76909818,94.17206662,Minor injury,2.0,1.0,Single carriageway,Fine no high winds,Darkness - lights lit,Assam,Jorhat
6919.0,2018-10-08,12:01,26.73633111,94.22080833,Minor injury,2.0,1.0,Single carriageway,Fine no high winds,Daylight,Assam,Jorhat
6920.0,2018-09-10,18:35,26.7208507,94.23048816,Minor injury,2.0,1.0,Single carriageway,Fine no high winds,Daylight,Assam,Jorhat
6921.0,2018-10-07,20:45,26.75027044,94.21402251,Minor injury,2.0,1.0,Single carriageway,Fine no high winds,Darkness - lights lit,Assam,Jorhat
6922.0,2018-09-24,16:35,26.76563224,94.22239743,Minor injury,2.0,1.0,Roundabout,Fine no high winds,Daylight,Assam,Jorhat
6923.0,2018-10-14,18:40,26.73189249,94.18522205,Minor injury,2.0,1.0,Single carriageway,Fine no high winds,Daylight,Assam,Jorhat
6924.0,2018-10-03,11:45,26.73590978,94.17830434,Minor injury,2.0,1.0,Single carriageway,Fine no high winds,Daylight,Assam,Jorhat
6925.0,2018-10-10,13:38,26.74366282,94.19728366,Minor injury,1.0,1.0,Single carriageway,Fine no high winds,Daylight,Assam,Jorhat
6926.0,2018-10-15,01:50,26.71833697,94.17357156,Minor injury,1.0,1.0,Single carriageway,Fine no high winds,Darkness - lights lit,Assam,Jorhat
6927.0,2018-09-26,20:40,26.71933711,94.18320463,Minor injury,2.0,1.0,Single carriageway,Fine no high winds,Darkness - lights lit,Assam,Jorhat
6928.0,2018-09-27,13:13,26.76358744,94.1755556,Minor injury,2.0,1.0,Dual carriageway,Fine no high winds,Daylight,Assam,Jorhat
6929.0,2018-10-14,21:19,26.74155119,94.18000603,Minor injury,4.0,2.0,Single carriageway,Fine no high winds,Darkness - lights lit,Assam,Jorhat
6930.0,2018-09-26,19:20,26.73081786,94.17048772,Minor injury,2.0,1.0,Single carriageway,Fine no high winds,Darkness - lights lit,Assam,Jorhat
6931.0,2018-09-14,08:00,26.72491057,94.19998834,Minor injury,3.0,1.0,Single carriageway,Fine no high winds,Daylight,Assam,Jorhat
6932.0,2018-09-24,15:15,26.73487912,94.19847048,Minor injury,2.0,1.0,Roundabout,Fine no high winds,Daylight,Assam,Jorhat
6933.0,2018-09-20,18:36,26.76579736,94.20028763,Minor injury,2.0,1.0,Single carriageway,Fine no high winds,Daylight,Assam,Jorhat
6934.0,2018-09-15,18:00,26.72749169,94.1883123,Minor injury,1.0,1.0,Single carriageway,Raining no high winds,Daylight,Assam,Jorhat
6935.0,2018-09-28,23:32,26.76847857,94.19415602,Minor injury,2.0,1.0,Single carriageway,Fine no high winds,Darkness - lights lit,Assam,Jorhat
6936.0,2018-10-16,11:35,26.73773831,94.20604972,Minor injury,2.0,1.0,Single carriageway,Fine no high winds,Daylight,Assam,Jorhat
6937.0,2018-09-25,18:35,26.74542351,94.22339466,Minor injury,2.0,2.0,Single carriageway,Fine no high winds,Daylight,Assam,Jorhat
6938.0,2018-10-17,08:30,26.7335311,94.21980189,Minor injury,2.0,1.0,Single carriageway,Fine no high winds,Daylight,Assam,Jorhat
6939.0,2018-10-01,15:00,26.76703743,94.19434443,Minor injury,1.0,1.0,Single carriageway,Fine no high winds,Daylight,Assam,Jorhat
6940.0,2018-09-17,10:20,26.75881773,94.17355219,Minor injury,2.0,1.0,Roundabout,Fine no high winds,Daylight,Assam,Jorhat
6941.0,2018-10-04,15:45,26.76805189,94.22877248,Minor injury,2.0,1.0,Single carriageway,Fine no high winds,Daylight,Assam,Jorhat
6942.0,2018-10-18,15:39,26.71791539,94.21012869,Minor injury,2.0,1.0,Single carriageway,Fine no high winds,Daylight,Assam,Jorhat
6943.0,2018-10-02,19:15,26.76811095,94.18202335,Minor injury,3.0,1.0,Single carriageway,Fine no high winds,Darkness - lights lit,Assam,Jorhat
6944.0,2018-09-08,10:20,26.72627063,94.18918217,Minor injury,2.0,1.0,Single carriageway,Fine no high winds,Daylight,Assam,Jorhat
6945.0,2018-09-26,19:30,26.74572216,94.22088774,Minor injury,2.0,1.0,Single carriageway,Fine no high winds,Darkness - lights lit,Assam,Jorhat
6946.0,2018-10-07,06:19,26.71879581,94.22407631,Minor injury,3.0,1.0,Dual carriageway,Fine no high winds,Darkness - lights lit,Assam,Jorhat
6947.0,2018-10-04,15:20,26.73121809,94.19857674,Minor injury,2.0,2.0,Single carriageway,Fine no high winds,Daylight,Assam,Jorhat
6948.0,2018-10-12,17:00,26.76242584,94.21220344,Minor injury,2.0,1.0,Single carriageway,Raining no high winds,Daylight,Assam,Jorhat
6949.0,2018-09-13,07:44,26.7664406,94.22301985,Minor injury,2.0,1.0,Single carriageway,Fine no high winds,Daylight,Assam,Jorhat
6950.0,2018-10-07,08:40,26.76799662,94.20752908,Minor injury,1.0,1.0,Single carriageway,Fine no high winds,Daylight,Assam,Jorhat
6951.0,2018-09-27,12:36,26.75174573,94.19158633,Minor injury,3.0,1.0,Single carriageway,Fine no high winds,Daylight,Assam,Jorhat
6952.0,2018-10-15,19:00,26.73031788,94.22092416,Minor injury,2.0,1.0,Single carriageway,Fine no high winds,Daylight,Assam,Jorhat
6953.0,2018-09-25,16:50,26.7310655,94.20758057,Minor injury,2.0,1.0,Single carriageway,Fine no high winds,Daylight,Assam,Jorhat
6954.0,2018-09-22,17:05,26.73624425,94.17828807,Minor injury,2.0,1.0,Single carriageway,Fine no high winds,Daylight,Assam,Jorhat
6955.0,2018-09-28,23:06,26.75410483,94.1954253,Minor injury,2.0,1.0,Single carriageway,Fine no high winds,Darkness - lights lit,Assam,Jorhat
6956.0,2018-10-05,23:00,26.74850597,94.22860917,Minor injury,2.0,1.0,Roundabout,Fine no high winds,Darkness - lights lit,Assam,Jorhat
6957.0,2018-09-28,08:25,26.75480554,94.18247506,Minor injury,2.0,1.0,Single carriageway,Fine no high winds,Daylight,Assam,Jorhat
6958.0,2018-10-02,08:00,26.7364689,94.17695314,Minor injury,1.0,2.0,Single carriageway,Fine no high winds,Daylight,Assam,Jorhat
6959.0,2018-09-23,16:31,26.74740486,94.20748509,Minor injury,2.0,4.0,Single carriageway,Raining no high winds,Daylight,Assam,Jorhat
6960.0,2018-10-03,15:19,26.72376506,94.18715929,Minor injury,1.0,1.0,Single carriageway,Fine no high winds,Daylight,Assam,Jorhat
6961.0,2018-09-21,19:42,26.73590895,94.17014159,Minor injury,2.0,1.0,Single carriageway,Fine no high winds,Darkness - lights lit,Assam,Jorhat
6962.0,2018-09-15,09:59,26.75886386,94.21658445,Minor injury,1.0,1.0,Single carriageway,Raining no high winds,Daylight,Assam,Jorhat
6963.0,2018-10-21,21:12,26.76550914,94.20081212,Minor injury,1.0,1.0,Single carriageway,Fine no high winds,Darkness - lights lit,Assam,Jorhat
6964.0,2018-10-10,09:56,26.71811642,94.21356199,Minor injury,2.0,1.0,Single carriageway,Fine no high winds,Daylight,Assam,Jorhat
6965.0,2018-10-19,09:39,26.75818177,94.2055496,Minor injury,3.0,1.0,Single carriageway,Fine no high winds,Daylight,Assam,Jorhat
6966.0,2018-10-17,14:25,26.71997217,94.21687459,Minor injury,2.0,1.0,Single carriageway,Fine no high winds,Daylight,Assam,Jorhat
6967.0,2018-10-13,08:15,26.74389343,94.22466174,Minor injury,2.0,1.0,Single carriageway,Fine no high winds,Daylight,Assam,Jorhat
6968.0,2018-10-20,13:20,26.74808625,94.22493157,Minor injury,2.0,1.0,Single carriageway,Fine no high winds,Daylight,Assam,Jorhat
6969.0,2018-10-22,14:00,26.72276963,94.18860094,Minor injury,2.0,1.0,Single carriageway,Fine no high winds,Daylight,Assam,Jorhat
6970.0,2018-09-14,12:34,26.73582782,94.22824324,Minor injury,1.0,1.0,Single carriageway,Fine no high winds,Daylight,Assam,Jorhat
6971.0,2018-10-22,13:48,26.73646637,94.19140271,Minor injury,1.0,1.0,Single carriageway,Fine no high winds,Daylight,Assam,Jorhat
6972.0,2018-10-05,17:45,26.72056603,94.22175739,Minor injury,1.0,1.0,Single carriageway,Fine no high winds,Daylight,Assam,Jorhat
6973.0,2018-10-21,17:54,26.73295073,94.22092295,Minor injury,2.0,1.0,Single carriageway,Fine no high winds,Daylight,Assam,Jorhat
6974.0,2018-10-11,13:45,26.75122194,94.18720991,Minor injury,2.0,1.0,Single carriageway,Fine no high winds,Daylight,Assam,Jorhat
6975.0,2018-08-12,11:00,26.72979513,94.1712032,Minor injury,1.0,1.0,Single carriageway,Fine no high winds,Daylight,Assam,Jorhat
6976.0,2018-10-03,07:40,26.71785819,94.1943325,Minor injury,2.0,1.0,Single carriageway,Fine no high winds,Daylight,Assam,Jorhat
6977.0,2018-11-01,12:32,26.74948605,94.22849771,Minor injury,2.0,2.0,Single carriageway,Fine no high winds,Daylight,Assam,Jorhat
6978.0,2018-10-14,23:05,26.76756399,94.19179411,Minor injury,3.0,2.0,Single carriageway,Fine no high winds,Darkness - lights lit,Assam,Jorhat
6979.0,2018-09-01,12:00,26.7272526,94.20752517,Minor injury,1.0,1.0,Single carriageway,Fine no high winds,Daylight,Assam,Jorhat
6980.0,2018-09-29,15:30,26.73731647,94.16901312,Minor injury,2.0,1.0,Slip road,Fine no high winds,Daylight,Assam,Jorhat
6981.0,2018-08-01,16:30,26.73021642,94.19457553,Minor injury,2.0,1.0,Single carriageway,Fine no high winds,Daylight,Assam,Jorhat
6982.0,2018-10-07,18:18,26.76878611,94.17271243,Serious injury,1.0,1.0,Single carriageway,Fine no high winds,Daylight,Assam,Jorhat
6983.0,2018-10-18,16:00,26.72456055,94.21384917,Minor injury,2.0,1.0,Roundabout,Fine no high winds,Daylight,Assam,Jorhat
6984.0,2018-11-06,06:48,26.76035752,94.22904229,Minor injury,2.0,1.0,Single carriageway,Fine no high winds,Darkness - lights lit,Assam,Jorhat
6985.0,2018-10-18,23:45,26.76592327,94.20228006,Minor injury,2.0,1.0,Single carriageway,Fine no high winds,Darkness - lights lit,Assam,Jorhat
6986.0,2018-11-01,17:13,26.7300616,94.19875777,Minor injury,5.0,2.0,Dual carriageway,Fine no high winds,Darkness - lights lit,Assam,Jorhat
6987.0,2018-10-26,17:10,26.72315892,94.20375149,Minor injury,2.0,1.0,Single carriageway,Fine no high winds,Daylight,Assam,Jorhat
6988.0,2018-10-07,18:26,26.75336499,94.19255916,Minor injury,2.0,1.0,Single carriageway,Fine no high winds,Darkness - lights lit,Assam,Jorhat
6989.0,2018-10-16,14:50,26.7440394,94.20408069,Minor injury,2.0,1.0,Single carriageway,Unknown,Daylight,Assam,Jorhat
6990.0,2018-10-27,20:38,26.74680738,94.22531434,Minor injury,2.0,1.0,Single carriageway,Fine no high winds,Darkness - lights lit,Assam,Jorhat
6991.0,2018-10-03,01:00,26.75804538,94.17683841,Minor injury,1.0,1.0,Roundabout,Fine no high winds,Darkness - lights lit,Assam,Jorhat
6992.0,2018-10-31,15:10,26.74685847,94.22258993,Minor injury,1.0,1.0,Single carriageway,Fine no high winds,Daylight,Assam,Jorhat
6993.0,2018-10-25,16:55,26.7579102,94.19992088,Minor injury,2.0,3.0,Single carriageway,Fine no high winds,Daylight,Assam,Jorhat
6994.0,2018-10-29,17:00,26.72753099,94.20377975,Minor injury,2.0,1.0,Single carriageway,Fine no high winds,Daylight,Assam,Jorhat
6995.0,2018-10-20,13:41,26.756232,94.19990876,Minor injury,2.0,1.0,Single carriageway,Fine no high winds,Daylight,Assam,Jorhat
6996.0,2018-11-05,13:40,26.72305433,94.17834593,Minor injury,2.0,1.0,Single carriageway,Fine no high winds,Daylight,Assam,Jorhat
6997.0,2018-11-01,07:40,26.72412627,94.2139847,Minor injury,2.0,1.0,Single carriageway,Fine no high winds,Daylight,Assam,Jorhat
6998.0,2018-11-08,09:30,26.74262922,94.17819072,Minor injury,2.0,1.0,Dual carriageway,Fine no high winds,Daylight,Assam,Jorhat
6999.0,2018-09-27,20:05,26.76275146,94.17446891,Minor injury,1.0,1.0,Single carriageway,Fine no high winds,Daylight,Assam,Jorhat
7000.0,2018-10-24,20:00,26.76024511,94.20208465,Minor injury,2.0,2.0,Single carriageway,Raining no high winds,Darkness - lights lit,Assam,Jorhat
7001.0,2018-11-09,16:05,26.76632508,94.1848178,Minor injury,1.0,2.0,Single carriageway,Fine no high winds,Daylight,Assam,Jorhat
7002.0,2018-10-11,15:39,26.74982336,94.17198744,Minor injury,1.0,1.0,Single carriageway,Fine no high winds,Daylight,Assam,Jorhat
7003.0,2018-09-29,13:40,26.74318342,94.21272382,Minor injury,2.0,1.0,Single carriageway,Fine no high winds,Daylight,Assam,Jorhat
7004.0,2018-11-05,00:40,26.75188874,94.21455207,Minor injury,3.0,1.0,Dual carriageway,Fine no high winds,Darkness - lights lit,Assam,Jorhat
7005.0,2018-11-13,14:24,26.74957592,94.20177804,Minor injury,1.0,1.0,Single carriageway,Fine no high winds,Daylight,Assam,Jorhat
7006.0,2018-10-02,14:10,26.7238503,94.20377809,Minor injury,1.0,1.0,Single carriageway,Fine no high winds,Daylight,Assam,Jorhat
7007.0,2018-09-16,20:33,26.76753887,94.17637051,Minor injury,1.0,1.0,Single carriageway,Fine no high winds,Daylight,Assam,Jorhat
7008.0,2018-11-13,23:32,26.76673291,94.19351439,Minor injury,2.0,1.0,Dual carriageway,Fine no high winds,Darkness - lights lit,Assam,Jorhat
7009.0,2018-11-05,00:30,26.75981906,94.17058112,Minor injury,1.0,1.0,Single carriageway,Fine no high winds,Darkness - lights lit,Assam,Jorhat
7010.0,2018-11-11,18:12,26.73687035,94.21666188,Minor injury,2.0,1.0,Single carriageway,Fine no high winds,Darkness - lights lit,Assam,Jorhat
7011.0,2018-11-05,19:15,26.72051441,94.18280858,Serious injury,2.0,1.0,Single carriageway,Fine no high winds,Darkness - lights lit,Assam,Jorhat
7012.0,2018-10-30,15:20,26.76022721,94.17120654,Minor injury,2.0,1.0,One way street,Fine no high winds,Daylight,Assam,Jorhat
7013.0,2018-11-13,06:02,26.7606392,94.21115684,Minor injury,1.0,1.0,Single carriageway,Fine no high winds,Darkness - lights lit,Assam,Jorhat
7014.0,2018-11-16,08:56,26.74338058,94.17002107,Minor injury,1.0,1.0,Single carriageway,Fine no high winds,Daylight,Assam,Jorhat
7015.0,2018-11-09,17:45,26.75205219,94.17594724,Serious injury,1.0,2.0,Dual carriageway,Fine no high winds,Darkness - lights lit,Assam,Jorhat
7016.0,2018-11-17,14:00,26.71922897,94.19942603,Minor injury,2.0,1.0,Roundabout,Fine no high winds,Daylight,Assam,Jorhat
7017.0,2018-11-15,19:30,26.75243995,94.17184536,Minor injury,2.0,1.0,Single carriageway,Fine no high winds,Darkness - lights lit,Assam,Jorhat
7018.0,2018-11-01,14:40,26.73484281,94.19714976,Minor injury,2.0,1.0,Single carriageway,Fine no high winds,Daylight,Assam,Jorhat
7019.0,2018-09-16,05:03,26.73669354,94.17632826,Minor injury,3.0,1.0,Single carriageway,Fine no high winds,Daylight,Assam,Jorhat
7020.0,2018-10-31,18:40,26.76600104,94.17464263,Minor injury,2.0,1.0,Single carriageway,Raining no high winds,Darkness - lights lit,Assam,Jorhat
7021.0,2018-11-12,12:10,26.72520119,94.21995731,Minor injury,1.0,1.0,Single carriageway,Fine no high winds,Daylight,Assam,Jorhat
7022.0,2018-11-16,18:15,26.7474143,94.20990915,Minor injury,3.0,1.0,Dual carriageway,Fine no high winds,Daylight,Assam,Jorhat
7023.0,2018-11-08,14:40,26.75319289,94.17102222,Minor injury,1.0,1.0,Single carriageway,Fine no high winds,Daylight,Assam,Jorhat
7024.0,2018-10-31,11:21,26.72684882,94.18761361,Minor injury,3.0,1.0,Dual carriageway,Fine no high winds,Daylight,Assam,Jorhat
7025.0,2018-07-12,21:50,26.76840009,94.20099118,Minor injury,2.0,1.0,Single carriageway,Fine no high winds,Darkness - lights lit,Assam,Jorhat
7026.0,2018-11-08,16:00,26.7658962,94.20455753,Minor injury,1.0,1.0,Dual carriageway,Fine no high winds,Daylight,Assam,Jorhat
7027.0,2018-11-05,17:00,26.74653136,94.16821797,Serious injury,2.0,1.0,Single carriageway,Fine no high winds,Daylight,Assam,Jorhat
7028.0,2018-11-23,22:00,26.76368564,94.18759499,Minor injury,2.0,1.0,Single carriageway,Fine no high winds,Darkness - lights lit,Assam,Jorhat
7029.0,2018-11-12,12:30,26.76239762,94.19980369,Serious injury,1.0,1.0,Single carriageway,Fine no high winds,Daylight,Assam,Jorhat
7030.0,2018-10-30,14:15,26.74789627,94.17647835,Minor injury,1.0,1.0,Single carriageway,Fine no high winds,Daylight,Assam,Jorhat
7031.0,2018-10-25,17:39,26.71934946,94.2050118,Minor injury,2.0,1.0,Dual carriageway,Fine no high winds,Daylight,Assam,Jorhat
7032.0,2018-11-15,11:18,26.72027958,94.17709596,Minor injury,2.0,2.0,Single carriageway,Fine no high winds,Daylight,Assam,Jorhat
7033.0,2018-11-14,18:00,26.7176746,94.23179281,Minor injury,1.0,1.0,Single carriageway,Fine no high winds,Darkness - lights lit,Assam,Jorhat
7034.0,2018-11-28,08:45,26.7504086,94.19307896,Minor injury,2.0,1.0,Single carriageway,Fine no high winds,Daylight,Assam,Jorhat
7035.0,2018-11-21,14:20,26.73219053,94.18702112,Minor injury,2.0,1.0,Single carriageway,Fine no high winds,Daylight,Assam,Jorhat
7036.0,2018-11-25,19:05,26.75737033,94.22619265,Minor injury,2.0,1.0,Single carriageway,Fine no high winds,Darkness - lights lit,Assam,Jorhat
7037.0,2018-11-19,10:28,26.744124,94.21381332,Minor injury,1.0,1.0,Single carriageway,Fine no high winds,Daylight,Assam,Jorhat
7038.0,2018-10-25,20:10,26.74270825,94.18502673,Minor injury,2.0,1.0,Single carriageway,Fine no high winds,Darkness - lights lit,Assam,Jorhat
7039.0,2018-11-30,18:20,26.73683945,94.17038675,Serious injury,2.0,3.0,Single carriageway,Fine no high winds,Darkness - lights lit,Assam,Jorhat
7040.0,2018-11-22,10:50,26.72442518,94.22294652,Minor injury,2.0,1.0,Roundabout,Fine no high winds,Daylight,Assam,Jorhat
7041.0,2018-11-30,09:15,26.75711325,94.22719192,Minor injury,1.0,1.0,Single carriageway,Fine no high winds,Daylight,Assam,Jorhat
7042.0,2018-11-21,08:42,26.74564537,94.22730557,Minor injury,2.0,2.0,Single carriageway,Fine no high winds,Daylight,Assam,Jorhat
7043.0,2018-11-16,16:20,26.72524341,94.22272375,Minor injury,2.0,1.0,Single carriageway,Fine no high winds,Daylight,Assam,Jorhat
7044.0,2018-11-19,12:56,26.72720785,94.20725809,Minor injury,1.0,1.0,Single carriageway,Fine no high winds,Daylight,Assam,Jorhat
7045.0,2018-11-30,17:13,26.74886951,94.20925882,Serious injury,2.0,1.0,Single carriageway,Fine no high winds,Darkness - lights lit,Assam,Jorhat
7046.0,2018-11-24,16:20,26.74855464,94.22704775,Minor injury,2.0,1.0,Single carriageway,Fine no high winds,Darkness - lights unlit,Assam,Jorhat
7047.0,2018-11-17,08:30,26.72996967,94.22492808,Minor injury,2.0,1.0,Single carriageway,Fine no high winds,Daylight,Assam,Jorhat
7048.0,2018-11-26,18:07,26.74202914,94.1747343,Minor injury,1.0,1.0,Single carriageway,Fine no high winds,Darkness - lights lit,Assam,Jorhat
7049.0,2018-12-02,08:50,26.72308267,94.20821709,Serious injury,1.0,4.0,Single carriageway,Raining no high winds,Daylight,Assam,Jorhat
7050.0,2018-12-07,18:52,26.72699354,94.18138783,Minor injury,2.0,1.0,Roundabout,Raining no high winds,Darkness - lights lit,Assam,Jorhat
7051.0,2018-11-23,15:32,26.74864209,94.1975538,Minor injury,2.0,1.0,Single carriageway,Fine no high winds,Daylight,Assam,Jorhat
7052.0,2018-12-03,07:40,26.73067021,94.20001811,Minor injury,2.0,1.0,Single carriageway,Fine no high winds,Daylight,Assam,Jorhat
7053.0,2018-11-30,14:56,26.7519041,94.16804408,Minor injury,1.0,1.0,Single carriageway,Fine no high winds,Daylight,Assam,Jorhat
7054.0,2018-11-21,10:40,26.75515928,94.17883615,Minor injury,2.0,1.0,Single carriageway,Fine no high winds,Daylight,Assam,Jorhat
7055.0,2018-11-22,13:30,26.74496858,94.21933759,Minor injury,2.0,1.0,Roundabout,Fine no high winds,Daylight,Assam,Jorhat
7056.0,2018-11-19,13:40,26.74694369,94.22960626,Minor injury,1.0,1.0,Single carriageway,Fine no high winds,Daylight,Assam,Jorhat
7057.0,2018-11-10,18:40,26.72273541,94.17238052,Minor injury,3.0,1.0,Single carriageway,Fine no high winds,Darkness - lights lit,Assam,Jorhat
7058.0,2018-11-01,09:45,26.73686134,94.21154164,Minor injury,4.0,2.0,Single carriageway,Fine no high winds,Daylight,Assam,Jorhat
7059.0,2018-12-12,18:13,26.73356031,94.21460264,Minor injury,1.0,1.0,Single carriageway,Fine no high winds,Darkness - lights lit,Assam,Jorhat
7060.0,2018-12-13,19:15,26.76446194,94.19852634,Minor injury,1.0,1.0,Single carriageway,Fine no high winds,Darkness - lights lit,Assam,Jorhat
7061.0,2018-12-09,13:10,26.72248658,94.19723376,Minor injury,2.0,1.0,Roundabout,Fine no high winds,Daylight,Assam,Jorhat
7062.0,2018-12-10,02:14,26.76728619,94.20533652,Minor injury,2.0,1.0,Single carriageway,Fine no high winds,Darkness - lights lit,Assam,Jorhat
7063.0,2018-11-04,14:16,26.75631797,94.20300966,Minor injury,1.0,1.0,Single carriageway,Fine no high winds,Daylight,Assam,Jorhat
7064.0,2018-12-05,04:38,26.76443549,94.22486111,Minor injury,2.0,1.0,Single carriageway,Fine no high winds,Darkness - lights lit,Assam,Jorhat
7065.0,2018-12-06,06:40,26.72063858,94.21265815,Minor injury,2.0,3.0,Single carriageway,Fine no high winds,Darkness - lights lit,Assam,Jorhat
7066.0,2018-12-13,17:05,26.76146718,94.21945849,Serious injury,2.0,1.0,Single carriageway,Fine no high winds,Darkness - lights lit,Assam,Jorhat
7067.0,2018-12-13,11:00,26.72492082,94.17780151,Minor injury,2.0,1.0,Dual carriageway,Fine no high winds,Daylight,Assam,Jorhat
7068.0,2018-11-30,12:11,26.76081318,94.22801603,Minor injury,2.0,1.0,Single carriageway,Fine no high winds,Daylight,Assam,Jorhat
7069.0,2018-12-12,08:05,26.7400894,94.19538381,Minor injury,2.0,1.0,Single carriageway,Fine no high winds,Daylight,Assam,Jorhat
7070.0,2018-12-05,18:50,26.73370773,94.18912859,Minor injury,2.0,1.0,Dual carriageway,Raining no high winds,Darkness - lights lit,Assam,Jorhat
7071.0,2018-12-14,03:45,26.72313153,94.17804614,Minor injury,2.0,4.0,Single carriageway,Fine no high winds,Darkness - lights lit,Assam,Jorhat
7072.0,2018-12-12,11:50,26.76704409,94.18895049,Minor injury,3.0,1.0,Single carriageway,Fine no high winds,Daylight,Assam,Jorhat
7073.0,2018-11-29,21:00,26.75130779,94.18546981,Minor injury,2.0,4.0,Single carriageway,Fine no high winds,Darkness - lights lit,Assam,Jorhat
7074.0,2018-11-26,19:18,26.75930932,94.20805359,Minor injury,2.0,1.0,Single carriageway,Fine no high winds,Darkness - lights lit,Assam,Jorhat
7075.0,2018-12-18,14:12,26.7510623,94.20428347,Minor injury,2.0,3.0,Single carriageway,Fine no high winds,Daylight,Assam,Jorhat
7076.0,2018-12-07,14:31,26.72039631,94.23151383,Minor injury,1.0,1.0,Single carriageway,Fine no high winds,Daylight,Assam,Jorhat
7077.0,2018-12-17,09:12,26.76153848,94.19075612,Minor injury,1.0,1.0,Single carriageway,Fine no high winds,Daylight,Assam,Jorhat
7078.0,2018-12-17,23:35,26.73867473,94.21354561,Minor injury,2.0,1.0,Single carriageway,Fine no high winds,Darkness - lights lit,Assam,Jorhat
7079.0,2018-12-21,18:00,26.75058956,94.1739441,Minor injury,2.0,1.0,Single carriageway,Fine no high winds,Darkness - lights lit,Assam,Jorhat
7080.0,2018-12-24,23:34,26.73507649,94.17976277,Serious injury,1.0,1.0,Single carriageway,Fine no high winds,Darkness - lights lit,Assam,Jorhat
7081.0,2018-11-24,17:37,26.75718207,94.17299455,Minor injury,2.0,1.0,Single carriageway,Raining no high winds,Darkness - lights lit,Assam,Jorhat
7082.0,2018-12-09,15:45,26.73067156,94.20079285,Minor injury,3.0,1.0,Dual carriageway,Fine no high winds,Daylight,Assam,Jorhat
7083.0,2018-12-17,18:30,26.7520198,94.20546876,Serious injury,1.0,1.0,Single carriageway,Fine no high winds,Darkness - lights lit,Assam,Jorhat
7084.0,2018-12-23,13:11,26.748848,94.17689616,Minor injury,1.0,1.0,Single carriageway,Fine no high winds,Daylight,Assam,Jorhat
7085.0,2018-12-10,15:30,26.74423356,94.16799824,Serious injury,1.0,1.0,Single carriageway,Fine no high winds,Darkness - lights lit,Assam,Jorhat
7086.0,2018-09-02,20:00,26.74171783,94.18557571,Minor injury,2.0,1.0,Single carriageway,Fine no high winds,Daylight,Assam,Jorhat
7087.0,2018-11-21,19:10,26.73193565,94.18363657,Minor injury,1.0,1.0,Single carriageway,Fog or mist,Darkness - lights lit,Assam,Jorhat
7088.0,2018-12-09,08:05,26.71983871,94.17675105,Minor injury,2.0,1.0,Single carriageway,Fog or mist,Daylight,Assam,Jorhat
7089.0,2018-11-01,14:36,26.7526277,94.21663456,Minor injury,2.0,1.0,Single carriageway,Fine no high winds,Daylight,Assam,Jorhat
7090.0,2018-12-02,11:50,26.75183118,94.17236062,Minor injury,2.0,1.0,Single carriageway,Fine no high winds,Daylight,Assam,Jorhat
7091.0,2018-12-23,00:08,26.7581148,94.17441001,Minor injury,2.0,1.0,Single carriageway,Fine no high winds,Darkness - lights lit,Assam,Jorhat
7092.0,2018-12-19,23:00,26.73660957,94.22087447,Minor injury,2.0,1.0,Single carriageway,Fine no high winds,Darkness - lights lit,Assam,Jorhat
7093.0,2018-12-21,11:50,26.72001956,94.20757138,Minor injury,1.0,1.0,Single carriageway,Fine no high winds,Daylight,Assam,Jorhat
7094.0,2018-12-24,18:55,26.73650861,94.17213792,Minor injury,2.0,2.0,Single carriageway,Fine no high winds,Darkness - lights lit,Assam,Jorhat
7095.0,2018-12-20,17:40,26.73019919,94.18800164,Minor injury,2.0,1.0,Single carriageway,Fine no high winds,Darkness - lights lit,Assam,Jorhat
7096.0,2018-12-24,23:00,26.76218242,94.17674149,Minor injury,3.0,1.0,Single carriageway,Fine no high winds,Darkness - lights lit,Assam,Jorhat
7097.0,2018-12-23,08:55,26.72018945,94.21998355,Minor injury,2.0,1.0,Single carriageway,Fine no high winds,Daylight,Assam,Jorhat
7098.0,2018-11-29,13:43,26.74008757,94.21209763,Minor injury,1.0,1.0,Single carriageway,Fine no high winds,Daylight,Assam,Jorhat
7099.0,2018-11-01,12:40,26.72639333,94.18222088,Minor injury,2.0,1.0,Dual carriageway,Fine no high winds,Daylight,Assam,Jorhat
7100.0,2018-12-13,21:03,26.74280507,94.22359974,Minor injury,2.0,1.0,Single carriageway,Fine no high winds,Darkness - lights lit,Assam,Jorhat
7101.0,2018-11-13,19:45,26.72425909,94.21634215,Minor injury,2.0,1.0,Single carriageway,Fine no high winds,Darkness - lighting unknown,Assam,Jorhat
7102.0,2018-12-02,04:50,26.76436369,94.22294074,Minor injury,2.0,1.0,Single carriageway,Raining + high winds,Darkness - lights lit,Assam,Jorhat
7103.0,2018-11-27,14:05,26.72788374,94.21216019,Minor injury,2.0,3.0,Single carriageway,Fine no high winds,Daylight,Assam,Jorhat
7104.0,2018-08-30,21:20,26.73416061,94.17932226,Minor injury,2.0,1.0,Single carriageway,Fine no high winds,Darkness - lights lit,Assam,Jorhat
7105.0,2018-12-27,19:42,26.73558521,94.18790838,Minor injury,2.0,1.0,Single carriageway,Raining no high winds,Darkness - lights lit,Assam,Jorhat
7106.0,2018-12-31,11:15,26.76791861,94.17791394,Minor injury,2.0,1.0,Dual carriageway,Fine no high winds,Daylight,Assam,Jorhat
7107.0,2018-12-24,00:05,26.75174918,94.17312636,Minor injury,1.0,2.0,Dual carriageway,Fine no high winds,Darkness - lights lit,Assam,Jorhat
7108.0,2018-12-19,16:20,26.71954331,94.20409152,Minor injury,1.0,1.0,Single carriageway,Fine no high winds,Daylight,Assam,Jorhat
7109.0,2018-12-05,20:15,26.72984667,94.19523277,Serious injury,2.0,1.0,Single carriageway,Fine no high winds,Darkness - lights lit,Assam,Jorhat
7110.0,2018-11-26,20:20,26.75574613,94.21049134,Minor injury,2.0,1.0,Single carriageway,Fine no high winds,Darkness - lights lit,Assam,Jorhat
7111.0,2018-12-31,15:30,26.76315179,94.19247225,Minor injury,2.0,1.0,Single carriageway,Fine no high winds,Darkness - lights lit,Assam,Jorhat
7112.0,2018-11-09,18:35,26.72042532,94.17643476,Minor injury,2.0,1.0,Single carriageway,Fine no high winds,Daylight,Assam,Jorhat
7113.0,2018-12-23,20:50,26.74010376,94.21706629,Minor injury,2.0,1.0,Single carriageway,Fine no high winds,Darkness - lights lit,Assam,Jorhat
7114.0,2018-10-04,21:30,26.73803453,94.16796313,Minor injury,2.0,1.0,Single carriageway,Fine no high winds,Darkness - lights lit,Assam,Jorhat
7115.0,2018-12-29,17:30,26.7406671,94.2205042,Minor injury,2.0,1.0,Single carriageway,Fine no high winds,Daylight,Assam,Jorhat
7116.0,2018-12-25,06:00,26.75886893,94.20596363,Minor injury,2.0,1.0,Single carriageway,Fine no high winds,Darkness - lights lit,Assam,Jorhat
7117.0,2018-12-25,14:30,26.72099123,94.21015252,Minor injury,2.0,1.0,Single carriageway,Fine no high winds,Daylight,Assam,Jorhat
7118.0,2018-12-13,15:02,26.75660081,94.1837796,Serious injury,1.0,1.0,Single carriageway,Fine no high winds,Daylight,Assam,Jorhat
7119.0,2018-10-27,16:45,26.73628389,94.21930398,Minor injury,2.0,1.0,Single carriageway,Fine no high winds,Daylight,Assam,Jorhat
7120.0,2018-10-21,16:32,26.76421302,94.1716316,Minor injury,1.0,1.0,Single carriageway,Fine no high winds,Daylight,Assam,Jorhat
7121.0,2018-01-07,19:45,26.72199855,94.17843909,Minor injury,2.0,2.0,Roundabout,Fine no high winds,Darkness - lights lit,Assam,Jorhat
7122.0,2018-01-01,03:18,26.72475708,94.22831463,Minor injury,2.0,2.0,Dual carriageway,Fine no high winds,Darkness - lights lit,Assam,Jorhat
7123.0,2018-01-04,06:13,26.75508937,94.19704126,Minor injury,2.0,1.0,Single carriageway,Fine no high winds,Darkness - lights lit,Assam,Jorhat
7124.0,2018-01-07,15:51,26.72527312,94.19034732,Minor injury,1.0,1.0,Single carriageway,Fine no high winds,Daylight,Assam,Jorhat
7125.0,2018-01-04,04:40,26.73040582,94.16806937,Minor injury,2.0,4.0,Single carriageway,Fine no high winds,Darkness - lights lit,Assam,Jorhat
7126.0,2018-01-04,18:05,26.74572346,94.18604674,Minor injury,5.0,3.0,Single carriageway,Fine no high winds,Darkness - lights lit,Assam,Jorhat
7127.0,2018-01-04,12:12,26.76483572,94.19523048,Minor injury,1.0,1.0,Dual carriageway,Fine no high winds,Daylight,Assam,Jorhat
7128.0,2018-01-07,17:30,26.76534702,94.22718557,Minor injury,3.0,1.0,Single carriageway,Fine no high winds,Darkness - lights lit,Assam,Jorhat
7129.0,2018-01-04,17:40,26.72749244,94.20812696,Minor injury,2.0,2.0,Roundabout,Raining no high winds,Darkness - lights lit,Assam,Jorhat
7130.0,2018-01-07,09:52,26.74234863,94.17916725,Minor injury,2.0,1.0,Dual carriageway,Fine no high winds,Daylight,Assam,Jorhat
7131.0,2018-01-12,08:50,26.73716791,94.16958827,Minor injury,3.0,3.0,Dual carriageway,Fine no high winds,Daylight,Assam,Jorhat
7132.0,2018-01-08,19:21,26.73840586,94.2036761,Minor injury,2.0,1.0,Single carriageway,Fine no high winds,Darkness - lights lit,Assam,Jorhat
7133.0,2018-01-08,13:36,26.75135964,94.17168683,Minor injury,2.0,2.0,Dual carriageway,Fine no high winds,Daylight,Assam,Jorhat
7134.0,2018-01-13,14:50,26.75452851,94.20279739,Minor injury,3.0,2.0,Single carriageway,Fine no high winds,Daylight,Assam,Jorhat
7135.0,2018-01-10,20:15,26.73775486,94.20876077,Minor injury,2.0,1.0,Single carriageway,Raining no high winds,Darkness - lights lit,Assam,Jorhat
7136.0,2018-01-16,12:58,26.76635331,94.19159828,Minor injury,1.0,1.0,Single carriageway,Fine no high winds,Daylight,Assam,Jorhat
7137.0,2018-01-14,13:26,26.72032757,94.17532316,Minor injury,2.0,1.0,Dual carriageway,Fine no high winds,Daylight,Assam,Jorhat
7138.0,2018-01-15,18:30,26.71755018,94.20880328,Minor injury,1.0,1.0,Single carriageway,Fine no high winds,Darkness - lights lit,Assam,Jorhat
7139.0,2018-01-21,13:44,26.75392959,94.22320379,Serious injury,1.0,1.0,Single carriageway,Fine no high winds,Daylight,Assam,Jorhat
7140.0,2018-01-11,14:16,26.74727244,94.20970606,Minor injury,1.0,1.0,Single carriageway,Raining no high winds,Daylight,Assam,Jorhat
7141.0,2018-01-13,11:10,26.73158726,94.19842913,Minor injury,2.0,1.0,Dual carriageway,Fine no high winds,Daylight,Assam,Jorhat
7142.0,2018-01-13,17:24,26.76539124,94.22814888,Minor injury,2.0,1.0,Dual carriageway,Fine no high winds,Darkness - lights lit,Assam,Jorhat
7143.0,2018-01-12,13:30,26.74535252,94.18956931,Serious injury,1.0,1.0,Single carriageway,Fine no high winds,Daylight,Assam,Jorhat
7144.0,2018-01-11,17:40,26.76090592,94.20349102,Minor injury,2.0,1.0,Single carriageway,Raining no high winds,Darkness - lights lit,Assam,Jorhat
7145.0,2018-01-19,08:17,26.72976731,94.2014088,Minor injury,2.0,1.0,Roundabout,Fine no high winds,Daylight,Assam,Jorhat
7146.0,2018-01-21,09:00,26.74487247,94.17845601,Minor injury,2.0,2.0,Dual carriageway,Fine no high winds,Daylight,Assam,Jorhat
7147.0,2018-01-21,08:50,26.72885859,94.17480837,Minor injury,2.0,1.0,Single carriageway,Fine no high winds,Daylight,Assam,Jorhat
7148.0,2018-01-15,21:00,26.76090202,94.16681914,Minor injury,1.0,1.0,Single carriageway,Fine no high winds,Darkness - lights lit,Assam,Jorhat
7149.0,2018-01-22,19:05,26.72064051,94.18224757,Minor injury,1.0,1.0,Single carriageway,Raining no high winds,Darkness - lights lit,Assam,Jorhat
7150.0,2018-01-22,18:35,26.75161827,94.20332615,Minor injury,2.0,1.0,Dual carriageway,Raining no high winds,Darkness - lights lit,Assam,Jorhat
7151.0,2018-01-18,21:45,26.7550781,94.1711526,Minor injury,1.0,5.0,Single carriageway,Fine no high winds,Darkness - lights lit,Assam,Jorhat
7152.0,2018-01-21,15:50,26.75409094,94.18623558,Minor injury,2.0,2.0,Single carriageway,Fine no high winds,Daylight,Assam,Jorhat
7153.0,2018-01-23,13:03,26.75796731,94.19106714,Minor injury,3.0,2.0,Dual carriageway,Fine no high winds,Daylight,Assam,Jorhat
7154.0,2018-01-16,20:53,26.76853248,94.19964268,Minor injury,2.0,1.0,Single carriageway,Fine no high winds,Darkness - lights lit,Assam,Jorhat
7155.0,2018-01-23,18:00,26.73463704,94.20707404,Minor injury,3.0,2.0,Dual carriageway,Fine no high winds,Darkness - lights lit,Assam,Jorhat
7156.0,2018-01-18,19:55,26.7435193,94.1957068,Minor injury,2.0,1.0,Roundabout,Fine no high winds,Darkness - lights lit,Assam,Jorhat
7157.0,2018-01-16,10:55,26.72183014,94.1685814,Serious injury,1.0,1.0,Single carriageway,Fine no high winds,Daylight,Assam,Jorhat
7158.0,2018-01-14,14:15,26.76468647,94.20181945,Minor injury,2.0,1.0,Single carriageway,Fine no high winds,Daylight,Assam,Jorhat
7159.0,2018-01-22,20:39,26.74833339,94.18988001,Minor injury,2.0,1.0,Single carriageway,Fine no high winds,Darkness - lights lit,Assam,Jorhat
7160.0,2018-01-12,16:04,26.72142686,94.18003769,Minor injury,2.0,1.0,Single carriageway,Fine no high winds,Darkness - lights lit,Assam,Jorhat
7161.0,2018-01-23,23:40,26.71786218,94.20643987,Minor injury,2.0,1.0,Single carriageway,Fine no high winds,Darkness - lights lit,Assam,Jorhat
7162.0,2018-01-25,17:55,26.73673699,94.17703181,Minor injury,2.0,1.0,Single carriageway,Fine no high winds,Darkness - lights lit,Assam,Jorhat
7163.0,2018-01-18,00:50,26.76911279,94.21450175,Minor injury,1.0,1.0,Dual carriageway,Fine no high winds,Darkness - lights lit,Assam,Jorhat
7164.0,2018-01-27,18:15,26.72243804,94.19224325,Minor injury,2.0,2.0,Single carriageway,Raining no high winds,Darkness - lights lit,Assam,Jorhat
7165.0,2018-01-27,10:48,26.76878913,94.18443624,Minor injury,2.0,1.0,Single carriageway,Fine no high winds,Daylight,Assam,Jorhat
7166.0,2018-01-18,17:40,26.74732525,94.2158345,Minor injury,2.0,1.0,Dual carriageway,Fine no high winds,Darkness - lights lit,Assam,Jorhat
7167.0,2018-01-25,02:42,26.72976608,94.18692495,Minor injury,2.0,2.0,Single carriageway,Other,Darkness - lights lit,Assam,Jorhat
7168.0,2018-01-28,18:40,26.75801751,94.16871206,Minor injury,1.0,1.0,Dual carriageway,Fine no high winds,Darkness - lights lit,Assam,Jorhat
7169.0,2018-01-09,20:44,26.75695984,94.22951516,Minor injury,2.0,1.0,Single carriageway,Fine no high winds,Darkness - lights lit,Assam,Jorhat
7170.0,2018-01-05,20:30,26.74350115,94.22251421,Minor injury,2.0,1.0,Single carriageway,Raining no high winds,Darkness - lights lit,Assam,Jorhat
7171.0,2018-01-13,17:25,26.75292123,94.16753067,Minor injury,3.0,1.0,Single carriageway,Fine no high winds,Darkness - lights lit,Assam,Jorhat
7172.0,2018-01-13,19:45,26.74923066,94.18878659,Minor injury,2.0,1.0,Single carriageway,Fine no high winds,Darkness - lights lit,Assam,Jorhat
7173.0,2018-01-18,21:00,26.75388518,94.18652944,Minor injury,2.0,1.0,Single carriageway,Fine no high winds,Darkness - lights lit,Assam,Jorhat
7174.0,2018-01-23,13:10,26.71887634,94.20039332,Minor injury,2.0,1.0,Single carriageway,Fine no high winds,Daylight,Assam,Jorhat
7175.0,2018-01-05,11:55,26.71767994,94.22252824,Minor injury,2.0,1.0,Dual carriageway,Fine no high winds,Daylight,Assam,Jorhat
7176.0,2018-01-29,14:20,26.72581143,94.20617683,Minor injury,2.0,1.0,Single carriageway,Fine no high winds,Daylight,Assam,Jorhat
7177.0,2018-02-05,01:20,26.75142482,94.16698963,Minor injury,2.0,1.0,Single carriageway,Fine no high winds,Darkness - lights lit,Assam,Jorhat
7178.0,2018-02-01,18:08,26.76591272,94.17573905,Minor injury,1.0,1.0,Single carriageway,Raining no high winds,Darkness - lights lit,Assam,Jorhat
7179.0,2018-01-31,15:10,26.75390521,94.23046917,Minor injury,1.0,1.0,Single carriageway,Fine no high winds,Daylight,Assam,Jorhat
7180.0,2018-02-03,04:40,26.76565427,94.21112496,Minor injury,2.0,1.0,Single carriageway,Fine no high winds,Darkness - lights lit,Assam,Jorhat
7181.0,2018-02-05,07:05,26.76488286,94.22303137,Minor injury,2.0,1.0,Roundabout,Fine no high winds,Daylight,Assam,Jorhat
7182.0,2018-02-03,07:30,26.72009267,94.22211679,Minor injury,2.0,1.0,Single carriageway,Fine no high winds,Daylight,Assam,Jorhat
7183.0,2018-02-02,18:50,26.74002451,94.22890334,Minor injury,2.0,1.0,Single carriageway,Fine no high winds,Darkness - lights lit,Assam,Jorhat
7184.0,2018-01-29,13:00,26.73332942,94.17300792,Minor injury,2.0,1.0,Single carriageway,Fine no high winds,Daylight,Assam,Jorhat
7185.0,2018-02-08,01:55,26.71845388,94.20682614,Minor injury,2.0,1.0,Roundabout,Unknown,Darkness - lighting unknown,Assam,Jorhat
7186.0,2018-01-21,08:45,26.72256355,94.18252966,Minor injury,2.0,1.0,Roundabout,Fine no high winds,Daylight,Assam,Jorhat
7187.0,2018-01-29,12:30,26.75381541,94.21900591,Minor injury,2.0,2.0,Single carriageway,Fine no high winds,Daylight,Assam,Jorhat
7188.0,2018-01-31,17:46,26.75076766,94.22128565,Minor injury,2.0,1.0,Single carriageway,Fine no high winds,Darkness - lights lit,Assam,Jorhat
7189.0,2018-02-02,12:24,26.73873568,94.17653514,Minor injury,2.0,1.0,Single carriageway,Fine no high winds,Daylight,Assam,Jorhat
7190.0,2018-02-12,15:25,26.74562159,94.18263411,Minor injury,1.0,1.0,Single carriageway,Fine no high winds,Daylight,Assam,Jorhat
7191.0,2018-02-08,15:50,26.72966973,94.19257528,Minor injury,2.0,1.0,Single carriageway,Fine no high winds,Daylight,Assam,Jorhat
7192.0,2018-02-11,06:41,26.74493072,94.23015711,Minor injury,2.0,2.0,Single carriageway,Raining no high winds,Darkness - lights lit,Assam,Jorhat
7193.0,2018-02-03,00:01,26.72993635,94.18271267,Serious injury,3.0,2.0,Single carriageway,Fine no high winds,Darkness - lights lit,Assam,Jorhat
7194.0,2018-02-09,16:25,26.74400884,94.20968753,Minor injury,2.0,2.0,Single carriageway,Fine no high winds,Daylight,Assam,Jorhat
7195.0,2018-01-16,00:35,26.72055358,94.17066849,Minor injury,2.0,1.0,Single carriageway,Fine no high winds,Darkness - lights lit,Assam,Jorhat
7196.0,2018-02-09,15:52,26.75478567,94.18993573,Minor injury,1.0,1.0,Single carriageway,Fine no high winds,Daylight,Assam,Jorhat
7197.0,2018-02-07,22:04,26.73512138,94.17832579,Minor injury,2.0,1.0,Roundabout,Fine no high winds,Darkness - lights lit,Assam,Jorhat
7198.0,2018-02-07,10:33,26.75627303,94.20076286,Minor injury,1.0,1.0,One way street,Fine no high winds,Daylight,Assam,Jorhat
7199.0,2018-02-06,13:20,26.73781527,94.22957129,Minor injury,2.0,2.0,Single carriageway,Fine no high winds,Daylight,Assam,Jorhat
7200.0,2018-02-07,17:38,26.73421046,94.19534464,Minor injury,1.0,1.0,Single carriageway,Fine no high winds,Darkness - lights lit,Assam,Jorhat
7201.0,2018-02-10,17:35,26.7245949,94.17819124,Minor injury,1.0,1.0,Single carriageway,Raining no high winds,Darkness - lights lit,Assam,Jorhat
7202.0,2018-02-05,15:58,26.72818983,94.19945119,Minor injury,2.0,1.0,Single carriageway,Fine no high winds,Daylight,Assam,Jorhat
7203.0,2018-01-28,20:17,26.74754618,94.2150643,Minor injury,2.0,1.0,Single carriageway,Fine no high winds,Darkness - lights lit,Assam,Jorhat
7204.0,2018-01-29,21:25,26.73788784,94.21781192,Minor injury,2.0,1.0,Single carriageway,Fine no high winds,Darkness - lights lit,Assam,Jorhat
7205.0,2018-01-24,17:51,26.72742476,94.17265843,Minor injury,2.0,1.0,Single carriageway,Fine no high winds,Daylight,Assam,Jorhat
7206.0,2018-02-12,10:55,26.72585055,94.17731743,Minor injury,2.0,2.0,Dual carriageway,Fine no high winds,Daylight,Assam,Jorhat
7207.0,2018-02-01,19:10,26.73796596,94.19974412,Minor injury,2.0,1.0,Single carriageway,Fine no high winds,Darkness - lights lit,Assam,Jorhat
7208.0,2018-02-15,09:55,26.76768215,94.197267,Minor injury,1.0,1.0,Single carriageway,Fine no high winds,Daylight,Assam,Jorhat
7209.0,2018-02-18,17:02,26.74134288,94.21793442,Minor injury,2.0,1.0,Single carriageway,Raining no high winds,Darkness - lights lit,Assam,Jorhat
7210.0,2018-02-14,18:00,26.76309333,94.22661835,Minor injury,3.0,1.0,Single carriageway,Fine no high winds,Darkness - lights lit,Assam,Jorhat
7211.0,2018-02-19,19:15,26.75551293,94.20674133,Minor injury,3.0,2.0,Single carriageway,Fine no high winds,Darkness - lights lit,Assam,Jorhat
7212.0,2018-02-05,21:00,26.73668714,94.1839195,Minor injury,1.0,1.0,Single carriageway,Fine no high winds,Darkness - lights lit,Assam,Jorhat
7213.0,2018-02-20,17:20,26.73059928,94.20384895,Minor injury,2.0,1.0,Dual carriageway,Fine no high winds,Daylight,Assam,Jorhat
7214.0,2018-02-15,10:49,26.72828387,94.23049803,Serious injury,2.0,3.0,Dual carriageway,Fine no high winds,Daylight,Assam,Jorhat
7215.0,2018-01-25,13:30,26.73382383,94.22468248,Minor injury,2.0,1.0,Single carriageway,Fine no high winds,Daylight,Assam,Jorhat
7216.0,2018-02-19,11:30,26.75292037,94.21510487,Minor injury,3.0,1.0,Single carriageway,Fine no high winds,Daylight,Assam,Jorhat
7217.0,2018-02-18,14:00,26.76731961,94.21027023,Minor injury,2.0,1.0,Single carriageway,Fine no high winds,Daylight,Assam,Jorhat
7218.0,2018-02-18,18:30,26.76522966,94.16694205,Minor injury,2.0,2.0,Single carriageway,Fine no high winds,Darkness - lights lit,Assam,Jorhat
7219.0,2018-02-05,17:55,26.72768239,94.20395111,Minor injury,2.0,1.0,Single carriageway,Fine no high winds,Darkness - lights lit,Assam,Jorhat
7220.0,2018-02-23,17:40,26.7643518,94.16807289,Minor injury,1.0,1.0,Single carriageway,Fine no high winds,Daylight,Assam,Jorhat
7221.0,2018-02-25,17:40,26.74730789,94.1722335,Minor injury,2.0,1.0,Single carriageway,Fine no high winds,Daylight,Assam,Jorhat
7222.0,2018-02-21,20:12,26.76556031,94.19906796,Minor injury,1.0,1.0,Single carriageway,Raining no high winds,Darkness - lights lit,Assam,Jorhat
7223.0,2018-02-28,23:40,26.76964568,94.19334468,Minor injury,4.0,1.0,Single carriageway,Snowing no high winds,Darkness - lights lit,Assam,Jorhat
7224.0,2018-02-27,02:12,26.76039063,94.18328464,Minor injury,1.0,1.0,Single carriageway,Snowing no high winds,Darkness - lights lit,Assam,Jorhat
7225.0,2018-03-07,09:15,26.75430198,94.17185468,Minor injury,2.0,1.0,Roundabout,Fine no high winds,Daylight,Assam,Jorhat
7226.0,2018-03-04,15:40,26.76103851,94.23026787,Minor injury,3.0,2.0,Single carriageway,Raining no high winds,Daylight,Assam,Jorhat
7227.0,2018-03-06,07:34,26.75500258,94.21629916,Minor injury,1.0,1.0,Roundabout,Other,Daylight,Assam,Jorhat
7228.0,2018-03-01,09:00,26.76486592,94.20153079,Minor injury,2.0,1.0,Roundabout,Raining no high winds,Daylight,Assam,Jorhat
7229.0,2018-03-02,21:00,26.72787001,94.1786081,Serious injury,1.0,1.0,Single carriageway,Raining no high winds,Darkness - lights lit,Assam,Jorhat
7230.0,2018-03-08,10:30,26.72302208,94.23148428,Minor injury,3.0,1.0,Single carriageway,Fine no high winds,Daylight,Assam,Jorhat
7231.0,2018-03-07,19:40,26.72853358,94.22138942,Minor injury,1.0,1.0,Roundabout,Raining no high winds,Darkness - lights lit,Assam,Jorhat
7232.0,2018-03-06,01:40,26.72993855,94.20535891,Minor injury,2.0,1.0,Single carriageway,Fine no high winds,Darkness - lights lit,Assam,Jorhat
7233.0,2018-03-05,10:05,26.72600234,94.20948451,Minor injury,3.0,1.0,Dual carriageway,Fine no high winds,Daylight,Assam,Jorhat
7234.0,2018-03-03,13:40,26.74118043,94.23089974,Minor injury,2.0,1.0,Single carriageway,Fine no high winds,Daylight,Assam,Jorhat
7235.0,2018-02-27,14:39,26.76222927,94.22793445,Minor injury,3.0,1.0,Single carriageway,Fine no high winds,Daylight,Assam,Jorhat
7236.0,2018-03-02,18:25,26.76132086,94.17003139,Minor injury,2.0,1.0,Single carriageway,Raining no high winds,Darkness - lights lit,Assam,Jorhat
7237.0,2018-02-01,09:30,26.74154533,94.17116306,Minor injury,1.0,1.0,Single carriageway,Fine no high winds,Daylight,Assam,Jorhat
7238.0,2018-02-26,06:24,26.7252952,94.2119307,Minor injury,2.0,1.0,Single carriageway,Fine no high winds,Darkness - lights lit,Assam,Jorhat
7239.0,2018-03-02,18:00,26.71832527,94.1704507,Serious injury,1.0,1.0,Single carriageway,Raining no high winds,Darkness - lights lit,Assam,Jorhat
7240.0,2018-03-05,11:50,26.73080456,94.23048347,Minor injury,2.0,1.0,Dual carriageway,Raining no high winds,Daylight,Assam,Jorhat
7241.0,2018-03-07,12:45,26.72597891,94.20793607,Minor injury,2.0,1.0,Single carriageway,Fine no high winds,Daylight,Assam,Jorhat
7242.0,2018-03-17,19:00,26.7208676,94.17590493,Minor injury,2.0,2.0,Roundabout,Fine no high winds,Darkness - lights lit,Assam,Jorhat
7243.0,2018-03-17,16:45,26.72334754,94.18831581,Minor injury,2.0,1.0,Single carriageway,Fine no high winds,Daylight,Assam,Jorhat
7244.0,2018-02-28,14:50,26.73205971,94.19835152,Minor injury,2.0,3.0,Dual carriageway,Fine no high winds,Daylight,Assam,Jorhat
7245.0,2018-03-04,15:50,26.75796944,94.17073946,Minor injury,2.0,2.0,Dual carriageway,Raining no high winds,Daylight,Assam,Jorhat
7246.0,2018-01-10,16:20,26.72440384,94.2172365,Minor injury,2.0,1.0,Single carriageway,Fine no high winds,Darkness - lights lit,Assam,Jorhat
7247.0,2018-03-09,18:08,26.75558022,94.19317243,Minor injury,2.0,1.0,Single carriageway,Fine no high winds,Darkness - lights lit,Assam,Jorhat
7248.0,2018-02-05,09:40,26.74950637,94.21384777,Minor injury,2.0,1.0,Single carriageway,Fine no high winds,Daylight,Assam,Jorhat
7249.0,2018-03-09,17:55,26.76737584,94.18638237,Minor injury,2.0,1.0,Dual carriageway,Fine no high winds,Darkness - lights lit,Assam,Jorhat
7250.0,2018-03-09,15:20,26.76038828,94.23170141,Minor injury,2.0,1.0,Single carriageway,Fine no high winds,Daylight,Assam,Jorhat
7251.0,2018-03-10,19:40,26.72248313,94.16834728,Minor injury,3.0,1.0,Single carriageway,Fine no high winds,Darkness - lights lit,Assam,Jorhat
7252.0,2018-03-10,11:50,26.71996041,94.18068117,Minor injury,1.0,1.0,Single carriageway,Fine no high winds,Daylight,Assam,Jorhat
7253.0,2018-03-11,02:24,26.7213976,94.17074842,Minor injury,2.0,2.0,Dual carriageway,Fine no high winds,Darkness - lights lit,Assam,Jorhat
7254.0,2018-03-17,10:08,26.75200718,94.20735382,Minor injury,1.0,1.0,Single carriageway,Fine no high winds,Daylight,Assam,Jorhat
7255.0,2018-03-17,12:45,26.76055305,94.19087928,Minor injury,1.0,1.0,Single carriageway,Fine no high winds,Daylight,Assam,Jorhat
7256.0,2018-03-17,13:15,26.73796101,94.18849706,Serious injury,1.0,1.0,Single carriageway,Fine no high winds,Daylight,Assam,Jorhat
7257.0,2018-03-17,14:14,26.73232729,94.21358836,Minor injury,2.0,3.0,Single carriageway,Fine no high winds,Daylight,Assam,Jorhat
7258.0,2018-03-18,18:45,26.73205455,94.16765729,Minor injury,1.0,1.0,Single carriageway,Fine no high winds,Darkness - lights lit,Assam,Jorhat
7259.0,2018-03-19,17:06,26.76633817,94.22108762,Serious injury,1.0,1.0,Single carriageway,Fine no high winds,Daylight,Assam,Jorhat
7260.0,2018-03-13,13:10,26.7454974,94.16825283,Minor injury,2.0,1.0,Roundabout,Fine no high winds,Daylight,Assam,Jorhat
7261.0,2018-03-13,21:00,26.74147217,94.17186644,Minor injury,2.0,1.0,Single carriageway,Fine no high winds,Darkness - lights lit,Assam,Jorhat
7262.0,2018-03-14,18:38,26.76706878,94.21460461,Minor injury,1.0,1.0,Single carriageway,Fine no high winds,Darkness - lights lit,Assam,Jorhat
7263.0,2018-03-14,08:25,26.76922886,94.21164716,Minor injury,2.0,1.0,Single carriageway,Fine no high winds,Daylight,Assam,Jorhat
7264.0,2018-03-15,12:09,26.73453211,94.16929222,Minor injury,3.0,3.0,Single carriageway,Fine no high winds,Daylight,Assam,Jorhat
7265.0,2018-03-13,03:17,26.7609181,94.17322554,Minor injury,1.0,2.0,One way street,Fine no high winds,Darkness - lights lit,Assam,Jorhat
7266.0,2018-03-12,16:25,26.74766423,94.18008318,Minor injury,4.0,1.0,Single carriageway,Fine no high winds,Daylight,Assam,Jorhat
7267.0,2018-03-12,07:21,26.76632143,94.21320095,Minor injury,4.0,1.0,Single carriageway,Fine no high winds,Daylight,Assam,Jorhat
7268.0,2018-03-15,07:40,26.76365934,94.21128383,Minor injury,3.0,1.0,Single carriageway,Fine no high winds,Daylight,Assam,Jorhat
7269.0,2018-03-20,20:59,26.74957607,94.17206778,Minor injury,1.0,1.0,Dual carriageway,Fine no high winds,Darkness - lights lit,Assam,Jorhat
7270.0,2018-03-19,20:00,26.7592979,94.17690797,Serious injury,2.0,1.0,Single carriageway,Fine no high winds,Darkness - lights lit,Assam,Jorhat
7271.0,2018-03-22,10:00,26.73833152,94.21920098,Minor injury,2.0,1.0,Roundabout,Raining no high winds,Daylight,Assam,Jorhat
7272.0,2018-03-18,15:40,26.72090736,94.21009217,Minor injury,4.0,1.0,Dual carriageway,Fine no high winds,Daylight,Assam,Jorhat
7273.0,2018-03-11,08:15,26.7555328,94.19485896,Minor injury,2.0,1.0,One way street,Fine no high winds,Daylight,Assam,Jorhat
7274.0,2018-03-22,17:41,26.72090233,94.20756222,Minor injury,2.0,1.0,Single carriageway,Fine no high winds,Darkness - lights lit,Assam,Jorhat
7275.0,2018-03-22,16:35,26.73009538,94.22404179,Minor injury,2.0,1.0,Single carriageway,Fine no high winds,Daylight,Assam,Jorhat
7276.0,2018-03-22,16:15,26.76931288,94.17590282,Minor injury,2.0,1.0,Single carriageway,Fine no high winds,Daylight,Assam,Jorhat
7277.0,2018-05-16,22:15,26.73381246,94.2224422,Minor injury,1.0,1.0,Single carriageway,Fine no high winds,Darkness - lights lit,Assam,Jorhat
7278.0,2018-03-29,07:36,26.73831384,94.1787451,Minor injury,3.0,1.0,Single carriageway,Fine no high winds,Daylight,Assam,Jorhat
7279.0,2018-03-22,11:50,26.76114777,94.1951876,Minor injury,2.0,1.0,Dual carriageway,Fine no high winds,Daylight,Assam,Jorhat
7280.0,2018-03-23,15:35,26.75253308,94.19319248,Minor injury,3.0,1.0,Dual carriageway,Fine no high winds,Daylight,Assam,Jorhat
7281.0,2018-03-04,18:20,26.75863418,94.22163783,Minor injury,2.0,2.0,Single carriageway,Fine no high winds,Darkness - lights lit,Assam,Jorhat
7282.0,2018-03-26,15:28,26.7310966,94.1870767,Minor injury,2.0,1.0,Single carriageway,Fine no high winds,Daylight,Assam,Jorhat
7283.0,2018-03-13,12:05,26.72403172,94.16720269,Minor injury,2.0,1.0,Single carriageway,Fine no high winds,Daylight,Assam,Jorhat
7284.0,2018-03-17,10:08,26.76508691,94.18393987,Minor injury,1.0,1.0,Single carriageway,Fine no high winds,Daylight,Assam,Jorhat
7285.0,2018-03-23,21:45,26.73394357,94.20921427,Minor injury,1.0,1.0,Single carriageway,Fine no high winds,Darkness - lights lit,Assam,Jorhat
7286.0,2018-03-19,20:00,26.72613382,94.19757277,Minor injury,2.0,2.0,Single carriageway,Fine no high winds,Darkness - lights lit,Assam,Jorhat
7287.0,2018-03-31,14:58,26.72206807,94.21637142,Minor injury,2.0,1.0,Roundabout,Fine no high winds,Daylight,Assam,Jorhat
7288.0,2018-03-25,12:15,26.75967485,94.16681443,Minor injury,2.0,1.0,Single carriageway,Fine no high winds,Daylight,Assam,Jorhat
7289.0,2018-03-23,18:58,26.74354651,94.1787895,Minor injury,2.0,1.0,Single carriageway,Fine no high winds,Darkness - lights lit,Assam,Jorhat
7290.0,2018-03-30,02:55,26.73748947,94.17588625,Minor injury,1.0,2.0,Dual carriageway,Raining no high winds,Darkness - lights lit,Assam,Jorhat
7291.0,2018-04-02,15:50,26.76253671,94.18476704,Minor injury,1.0,1.0,Single carriageway,Fine no high winds,Daylight,Assam,Jorhat
7292.0,2018-03-29,23:45,26.75179271,94.18571156,Minor injury,1.0,3.0,Dual carriageway,Raining no high winds,Darkness - lights lit,Assam,Jorhat
7293.0,2018-04-07,11:51,26.74817055,94.22312159,Minor injury,1.0,1.0,One way street,Fine no high winds,Daylight,Assam,Jorhat
7294.0,2018-04-01,19:25,26.76918468,94.22476318,Minor injury,1.0,1.0,Roundabout,Fine no high winds,Darkness - lights lit,Assam,Jorhat
7295.0,2018-04-08,15:50,26.75632658,94.19652682,Minor injury,1.0,1.0,Single carriageway,Raining no high winds,Daylight,Assam,Jorhat
7296.0,2018-02-27,15:00,26.76032497,94.18863404,Minor injury,1.0,1.0,Single carriageway,Fine no high winds,Daylight,Assam,Jorhat
7297.0,2018-04-05,08:45,26.72328755,94.20918329,Minor injury,2.0,1.0,Dual carriageway,Fine no high winds,Daylight,Assam,Jorhat
7298.0,2018-04-10,15:30,26.73895685,94.22383349,Minor injury,1.0,2.0,Single carriageway,Fine no high winds,Daylight,Assam,Jorhat
7299.0,2018-04-07,07:50,26.74189837,94.21373216,Minor injury,2.0,1.0,Single carriageway,Fine no high winds,Daylight,Assam,Jorhat
7300.0,2018-04-08,15:42,26.72170861,94.17739298,Minor injury,1.0,1.0,Single carriageway,Fine no high winds,Daylight,Assam,Jorhat
7301.0,2018-04-07,23:04,26.73466509,94.18274836,Minor injury,2.0,2.0,Single carriageway,Fine no high winds,Darkness - lights lit,Assam,Jorhat
7302.0,2018-04-09,10:55,26.76398925,94.18950591,Minor injury,4.0,1.0,Single carriageway,Fine no high winds,Daylight,Assam,Jorhat
7303.0,2018-04-12,09:15,26.72974373,94.16970157,Minor injury,2.0,1.0,Single carriageway,Fine no high winds,Daylight,Assam,Jorhat
7304.0,2018-04-21,21:13,26.7624823,94.19766634,Minor injury,2.0,1.0,Roundabout,Fine no high winds,Darkness - lights lit,Assam,Jorhat
7305.0,2018-04-18,08:15,26.76211538,94.23042937,Minor injury,2.0,1.0,Single carriageway,Raining no high winds,Daylight,Assam,Jorhat
7306.0,2018-04-23,13:16,26.72208742,94.16763875,Minor injury,3.0,1.0,Dual carriageway,Fine no high winds,Daylight,Assam,Jorhat
7307.0,2018-04-21,08:41,26.74127989,94.21308274,Minor injury,1.0,1.0,Single carriageway,Fine no high winds,Daylight,Assam,Jorhat
7308.0,2018-04-18,12:50,26.73873007,94.18104049,Minor injury,1.0,1.0,Single carriageway,Fine no high winds,Daylight,Assam,Jorhat
7309.0,2018-04-02,19:18,26.75250563,94.21958042,Minor injury,2.0,1.0,Single carriageway,Fine no high winds,Daylight,Assam,Jorhat
7310.0,2018-02-19,19:43,26.74271398,94.22826486,Minor injury,2.0,2.0,Single carriageway,Fine no high winds,Darkness - lights lit,Assam,Jorhat
7311.0,2018-04-16,14:35,26.72210989,94.22919755,Minor injury,2.0,1.0,Dual carriageway,Fine no high winds,Daylight,Assam,Jorhat
7312.0,2018-04-13,08:15,26.73075394,94.16743269,Minor injury,2.0,1.0,Single carriageway,Raining no high winds,Daylight,Assam,Jorhat
7313.0,2018-04-13,13:36,26.72402019,94.21879378,Serious injury,1.0,1.0,Single carriageway,Fine no high winds,Daylight,Assam,Jorhat
7314.0,2018-04-14,15:20,26.755001,94.21787708,Minor injury,3.0,1.0,Single carriageway,Fine no high winds,Daylight,Assam,Jorhat
7315.0,2018-03-13,07:05,26.74054212,94.1807238,Minor injury,3.0,1.0,Single carriageway,Fine no high winds,Daylight,Assam,Jorhat
7316.0,2018-04-19,04:51,26.73007026,94.20274414,Minor injury,3.0,1.0,Single carriageway,Fine no high winds,Daylight,Assam,Jorhat
7317.0,2018-04-17,14:05,26.72517448,94.22063511,Serious injury,1.0,1.0,Single carriageway,Fine no high winds,Daylight,Assam,Jorhat
7318.0,2018-03-27,17:15,26.72095194,94.18153938,Minor injury,2.0,1.0,Single carriageway,Fine no high winds,Daylight,Assam,Jorhat
7319.0,2018-04-03,17:00,26.75775863,94.20587021,Minor injury,2.0,1.0,Single carriageway,Fine no high winds,Daylight,Assam,Jorhat
7320.0,2018-04-06,11:45,26.75634428,94.22948089,Minor injury,2.0,2.0,Single carriageway,Fine no high winds,Daylight,Assam,Jorhat
7321.0,2018-04-26,08:48,26.73370847,94.18677162,Minor injury,3.0,2.0,Single carriageway,Raining no high winds,Daylight,Assam,Jorhat
7322.0,2018-04-06,13:00,26.73035158,94.17238813,Minor injury,2.0,1.0,Roundabout,Fine no high winds,Daylight,Assam,Jorhat
7323.0,2018-05-02,22:45,26.75622307,94.1924024,Minor injury,2.0,1.0,Roundabout,Fine no high winds,Darkness - lights lit,Assam,Jorhat
7324.0,2018-05-02,17:50,26.75704709,94.18113956,Serious injury,2.0,2.0,Dual carriageway,Fine no high winds,Daylight,Assam,Jorhat
7325.0,2018-05-03,20:57,26.75132452,94.21091896,Minor injury,1.0,1.0,Dual carriageway,Fine no high winds,Darkness - lights lit,Assam,Jorhat
7326.0,2018-05-03,10:27,26.73283762,94.21924872,Minor injury,1.0,1.0,Single carriageway,Fine no high winds,Daylight,Assam,Jorhat
7327.0,2018-05-02,19:30,26.75310201,94.19426583,Minor injury,2.0,1.0,Roundabout,Fine no high winds,Daylight,Assam,Jorhat
7328.0,2018-04-25,08:45,26.75331994,94.16852277,Minor injury,2.0,1.0,Single carriageway,Raining no high winds,Daylight,Assam,Jorhat
7329.0,2018-05-01,10:25,26.72210214,94.21583384,Minor injury,2.0,1.0,Dual carriageway,Fine no high winds,Daylight,Assam,Jorhat
7330.0,2018-04-30,21:11,26.74410159,94.21427355,Minor injury,1.0,1.0,Single carriageway,Fine no high winds,Darkness - lights lit,Assam,Jorhat
7331.0,2018-04-28,21:00,26.73513344,94.18418043,Serious injury,1.0,1.0,Single carriageway,Fine no high winds,Darkness - lights lit,Assam,Jorhat
7332.0,2018-03-28,16:00,26.75643911,94.19424747,Minor injury,2.0,1.0,Single carriageway,Fine no high winds,Daylight,Assam,Jorhat
7333.0,2018-03-03,18:53,26.74279437,94.21254646,Minor injury,2.0,2.0,Single carriageway,Fine no high winds,Daylight,Assam,Jorhat
7334.0,2018-04-29,23:35,26.74336912,94.22758639,Minor injury,1.0,1.0,Single carriageway,Fine no high winds,Darkness - lights lit,Assam,Jorhat
7335.0,2018-04-26,20:12,26.75324729,94.18228243,Minor injury,2.0,2.0,Single carriageway,Fine no high winds,Darkness - lights lit,Assam,Jorhat
7336.0,2018-04-05,16:08,26.74271575,94.19788397,Minor injury,1.0,1.0,Single carriageway,Fine no high winds,Daylight,Assam,Jorhat
7337.0,2018-03-25,17:55,26.71776449,94.21472776,Minor injury,2.0,1.0,Single carriageway,Fine no high winds,Daylight,Assam,Jorhat
7338.0,2018-04-05,08:45,26.73197535,94.2064973,Minor injury,4.0,1.0,Dual carriageway,Fine no high winds,Daylight,Assam,Jorhat
7339.0,2018-04-06,15:30,26.74287624,94.20271064,Minor injury,2.0,1.0,Single carriageway,Fine no high winds,Daylight,Assam,Jorhat
7340.0,2018-04-12,10:28,26.75654096,94.18881897,Minor injury,2.0,1.0,Single carriageway,Fine no high winds,Daylight,Assam,Jorhat
7341.0,2018-03-09,12:05,26.76288902,94.17552551,Minor injury,2.0,1.0,Slip road,Fine no high winds,Daylight,Assam,Jorhat
7342.0,2018-04-14,11:45,26.76600784,94.21471237,Minor injury,2.0,1.0,Single carriageway,Fine no high winds,Daylight,Assam,Jorhat
7343.0,2018-04-12,08:40,26.7661271,94.22507431,Minor injury,1.0,1.0,Single carriageway,Fine no high winds,Daylight,Assam,Jorhat
7344.0,2018-04-12,12:22,26.74590959,94.1920613,Minor injury,1.0,1.0,Single carriageway,Fine no high winds,Daylight,Assam,Jorhat
7345.0,2018-04-26,22:00,26.72818489,94.19519841,Minor injury,2.0,1.0,Dual carriageway,Raining no high winds,Darkness - lights lit,Assam,Jorhat
7346.0,2018-04-18,17:55,26.74020501,94.20443966,Minor injury,2.0,1.0,Dual carriageway,Fine no high winds,Daylight,Assam,Jorhat
7347.0,2018-04-21,17:30,26.7527865,94.19970864,Minor injury,2.0,1.0,Single carriageway,Fine no high winds,Daylight,Assam,Jorhat
7348.0,2018-04-09,18:00,26.7240829,94.18297942,Minor injury,2.0,1.0,Dual carriageway,Fine no high winds,Daylight,Assam,Jorhat
7349.0,2018-04-23,10:28,26.7662745,94.19830524,Minor injury,2.0,1.0,Single carriageway,Fine no high winds,Daylight,Assam,Jorhat
7350.0,2018-04-23,08:45,26.7647822,94.21663535,Minor injury,2.0,1.0,Roundabout,Fine no high winds,Daylight,Assam,Jorhat
7351.0,2018-04-02,15:40,26.72288201,94.18108124,Minor injury,2.0,1.0,Single carriageway,Fine no high winds,Daylight,Assam,Jorhat
7352.0,2018-04-28,17:40,26.74113944,94.20103706,Minor injury,2.0,1.0,Single carriageway,Fine no high winds,Daylight,Assam,Jorhat
7353.0,2018-04-28,17:00,26.75024477,94.22754454,Minor injury,4.0,1.0,Single carriageway,Fine no high winds,Daylight,Assam,Jorhat
7354.0,2018-04-26,17:04,26.7492894,94.21368018,Minor injury,2.0,1.0,Dual carriageway,Fine no high winds,Daylight,Assam,Jorhat
7355.0,2018-05-03,15:37,26.76914756,94.20229924,Minor injury,2.0,1.0,Single carriageway,Fine no high winds,Daylight,Assam,Jorhat
7356.0,2018-05-11,14:15,26.71938466,94.18807952,Minor injury,2.0,3.0,Single carriageway,Fine no high winds,Daylight,Assam,Jorhat
7357.0,2018-04-25,22:12,26.73145928,94.17731583,Minor injury,1.0,1.0,Single carriageway,Raining no high winds,Darkness - lights lit,Assam,Jorhat
7358.0,2018-04-29,19:26,26.75325728,94.20959228,Minor injury,1.0,1.0,Single carriageway,Fine no high winds,Daylight,Assam,Jorhat
7359.0,2018-04-26,18:18,26.76658229,94.17422244,Minor injury,2.0,2.0,Single carriageway,Fine no high winds,Daylight,Assam,Jorhat
7360.0,2018-05-03,21:55,26.73296633,94.17144958,Minor injury,2.0,2.0,Single carriageway,Fine no high winds,Darkness - lights lit,Assam,Jorhat
7361.0,2018-05-11,20:20,26.75176029,94.20830219,Minor injury,1.0,1.0,Single carriageway,Fine no high winds,Darkness - lights lit,Assam,Jorhat
7362.0,2018-05-09,08:15,26.72339194,94.23033888,Minor injury,2.0,2.0,Single carriageway,Fine no high winds,Daylight,Assam,Jorhat
7363.0,2018-05-09,13:30,26.7458085,94.1728791,Minor injury,2.0,2.0,Single carriageway,Fine no high winds,Daylight,Assam,Jorhat
7364.0,2018-05-22,23:20,26.72031772,94.23193108,Minor injury,2.0,1.0,Dual carriageway,Fine no high winds,Darkness - lights lit,Assam,Jorhat
7365.0,2018-04-25,16:08,26.74375189,94.18160466,Minor injury,1.0,1.0,Dual carriageway,Fine no high winds,Daylight,Assam,Jorhat
7366.0,2018-05-10,10:12,26.75111147,94.17868537,Minor injury,3.0,1.0,Dual carriageway,Fine no high winds,Daylight,Assam,Jorhat
7367.0,2018-05-15,20:20,26.74819494,94.1735721,Serious injury,1.0,1.0,Dual carriageway,Fine no high winds,Daylight,Assam,Jorhat
7368.0,2018-04-25,22:42,26.72188378,94.16672531,Minor injury,2.0,1.0,Single carriageway,Raining no high winds,Darkness - lights lit,Assam,Jorhat
7369.0,2018-05-05,15:05,26.7262787,94.18390191,Minor injury,2.0,1.0,Single carriageway,Fine no high winds,Daylight,Assam,Jorhat
7370.0,2018-05-08,16:12,26.7246406,94.18257251,Minor injury,2.0,1.0,Single carriageway,Fine no high winds,Daylight,Assam,Jorhat
7371.0,2018-04-22,10:00,26.72979721,94.17777458,Minor injury,2.0,1.0,Single carriageway,Fine no high winds,Daylight,Assam,Jorhat
7372.0,2018-04-11,10:15,26.74097845,94.18360335,Minor injury,2.0,1.0,Single carriageway,Fine no high winds,Daylight,Assam,Jorhat
7373.0,2018-04-19,17:45,26.76331113,94.1916802,Minor injury,3.0,2.0,Roundabout,Fine no high winds,Daylight,Assam,Jorhat
7374.0,2018-04-11,13:15,26.76887056,94.19839785,Minor injury,2.0,1.0,Single carriageway,Fine no high winds,Daylight,Assam,Jorhat
7375.0,2018-05-18,16:32,26.74915032,94.18801762,Minor injury,2.0,1.0,Dual carriageway,Fine no high winds,Daylight,Assam,Jorhat
7376.0,2018-04-28,08:45,26.76179002,94.18158275,Minor injury,2.0,1.0,Single carriageway,Fine no high winds,Daylight,Assam,Jorhat
7377.0,2018-04-23,01:20,26.75892701,94.1848638,Minor injury,2.0,1.0,Single carriageway,Fine no high winds,Darkness - lights lit,Assam,Jorhat
7378.0,2018-05-07,16:00,26.71828515,94.2242287,Minor injury,2.0,1.0,Single carriageway,Fine no high winds,Daylight,Assam,Jorhat
7379.0,2018-05-09,09:10,26.76384923,94.2218004,Minor injury,1.0,1.0,Single carriageway,Fine no high winds,Daylight,Assam,Jorhat
7380.0,2018-05-13,17:10,26.74565106,94.21282151,Minor injury,2.0,2.0,Dual carriageway,Fine no high winds,Daylight,Assam,Jorhat
7381.0,2018-05-17,18:59,26.76145509,94.19138603,Minor injury,3.0,1.0,Single carriageway,Fine no high winds,Daylight,Assam,Jorhat
7382.0,2018-05-13,18:14,26.73839614,94.22691965,Minor injury,3.0,1.0,Single carriageway,Fine no high winds,Daylight,Assam,Jorhat
7383.0,2018-05-07,17:45,26.74593517,94.18770968,Minor injury,2.0,1.0,Single carriageway,Fine no high winds,Daylight,Assam,Jorhat
7384.0,2018-05-18,14:40,26.76717394,94.2213275,Minor injury,1.0,1.0,Single carriageway,Fine no high winds,Daylight,Assam,Jorhat
7385.0,2018-05-18,20:45,26.73974393,94.16862007,Serious injury,1.0,1.0,Single carriageway,Fine no high winds,Daylight,Assam,Jorhat
7386.0,2018-05-11,14:00,26.72122678,94.18124041,Minor injury,2.0,1.0,Single carriageway,Fine no high winds,Daylight,Assam,Jorhat
7387.0,2018-05-13,00:40,26.76141195,94.20531191,Minor injury,2.0,1.0,Single carriageway,Fine no high winds,Darkness - lights lit,Assam,Jorhat
7388.0,2018-04-28,13:13,26.75759357,94.21574183,Minor injury,2.0,1.0,Single carriageway,Fine no high winds,Daylight,Assam,Jorhat
7389.0,2018-05-24,00:01,26.72920936,94.19994161,Minor injury,2.0,1.0,Single carriageway,Fine no high winds,Darkness - lights lit,Assam,Jorhat
7390.0,2018-05-17,08:13,26.75726855,94.20531579,Minor injury,1.0,1.0,Single carriageway,Fine no high winds,Daylight,Assam,Jorhat
7391.0,2018-05-22,12:45,26.74510557,94.1979792,Minor injury,2.0,1.0,Single carriageway,Fine no high winds,Daylight,Assam,Jorhat
7392.0,2018-05-17,18:15,26.76422997,94.22516868,Minor injury,2.0,1.0,Single carriageway,Fine no high winds,Daylight,Assam,Jorhat
7393.0,2018-05-16,21:03,26.74616978,94.1933586,Minor injury,3.0,1.0,Single carriageway,Fine no high winds,Darkness - lights lit,Assam,Jorhat
7394.0,2018-05-16,18:02,26.72838537,94.22105627,Minor injury,2.0,1.0,Single carriageway,Fine no high winds,Daylight,Assam,Jorhat
7395.0,2018-05-11,13:30,26.76128261,94.17615146,Minor injury,2.0,1.0,Single carriageway,Fine no high winds,Daylight,Assam,Jorhat
7396.0,2018-05-16,15:30,26.72877015,94.22366729,Minor injury,3.0,2.0,Single carriageway,Raining no high winds,Daylight,Assam,Jorhat
7397.0,2018-05-24,08:10,26.73028207,94.21594075,Minor injury,3.0,2.0,Single carriageway,Fine no high winds,Daylight,Assam,Jorhat
7398.0,2018-05-15,18:25,26.75278788,94.19454789,Minor injury,1.0,1.0,Single carriageway,Fine no high winds,Daylight,Assam,Jorhat
7399.0,2018-05-16,15:30,26.71925721,94.2274221,Minor injury,1.0,1.0,Single carriageway,Fine no high winds,Daylight,Assam,Jorhat
7400.0,2018-05-09,10:30,26.73640714,94.20864425,Minor injury,2.0,1.0,Single carriageway,Fine no high winds,Daylight,Assam,Jorhat
7401.0,2018-04-17,12:40,26.73849174,94.20342053,Minor injury,3.0,3.0,Dual carriageway,Fine no high winds,Daylight,Assam,Jorhat
7402.0,2018-05-11,17:20,26.75162789,94.18505072,Minor injury,2.0,1.0,Single carriageway,Fine no high winds,Daylight,Assam,Jorhat
7403.0,2018-05-30,08:44,26.7565936,94.18875883,Minor injury,1.0,1.0,Dual carriageway,Raining no high winds,Daylight,Assam,Jorhat
7404.0,2018-05-30,06:35,26.74602776,94.22716633,Minor injury,2.0,1.0,Dual carriageway,Raining no high winds,Daylight,Assam,Jorhat
7405.0,2018-05-16,05:50,26.76657395,94.19567656,Minor injury,2.0,2.0,Single carriageway,Fine no high winds,Darkness - lights lit,Assam,Jorhat
7406.0,2018-05-23,16:46,26.74844841,94.22938714,Minor injury,2.0,1.0,Single carriageway,Fine no high winds,Daylight,Assam,Jorhat
7407.0,2018-05-23,15:30,26.72098287,94.21937371,Minor injury,1.0,1.0,Single carriageway,Fine no high winds,Daylight,Assam,Jorhat
7408.0,2018-05-23,12:20,26.76652632,94.21680374,Minor injury,2.0,1.0,Dual carriageway,Fine no high winds,Daylight,Assam,Jorhat
7409.0,2018-05-27,16:00,26.76781186,94.18047812,Minor injury,2.0,1.0,Single carriageway,Fine no high winds,Daylight,Assam,Jorhat
7410.0,2018-06-02,23:55,26.72340374,94.19361614,Minor injury,2.0,1.0,Roundabout,Fine no high winds,Darkness - lights lit,Assam,Jorhat
7411.0,2018-05-16,11:30,26.7395628,94.17827035,Minor injury,2.0,1.0,Roundabout,Fine no high winds,Daylight,Assam,Jorhat
7412.0,2018-05-21,21:30,26.76136264,94.16715237,Minor injury,3.0,1.0,Single carriageway,Fine no high winds,Darkness - lights lit,Assam,Jorhat
7413.0,2018-04-29,15:00,26.74803124,94.21459384,Minor injury,2.0,1.0,Single carriageway,Fine no high winds,Daylight,Assam,Jorhat
7414.0,2018-05-26,08:40,26.76086154,94.19827358,Minor injury,3.0,2.0,Single carriageway,Fine no high winds,Daylight,Assam,Jorhat
7415.0,2018-05-13,15:25,26.73540814,94.21503978,Minor injury,2.0,1.0,Single carriageway,Fine no high winds,Daylight,Assam,Jorhat
7416.0,2018-05-28,05:45,26.74061223,94.18643822,Minor injury,2.0,1.0,Dual carriageway,Fine no high winds,Daylight,Assam,Jorhat
7417.0,2018-06-03,18:18,26.75590625,94.19103199,Minor injury,2.0,1.0,Single carriageway,Raining no high winds,Daylight,Assam,Jorhat
7418.0,2018-05-31,15:10,26.74828574,94.20306471,Minor injury,2.0,2.0,Single carriageway,Fine no high winds,Daylight,Assam,Jorhat
7419.0,2018-05-23,17:20,26.74543358,94.21299155,Minor injury,2.0,1.0,Roundabout,Fine no high winds,Daylight,Assam,Jorhat
7420.0,2018-05-11,11:10,26.74530196,94.21579978,Minor injury,2.0,2.0,Dual carriageway,Fine no high winds,Daylight,Assam,Jorhat
7421.0,2018-05-25,09:15,26.73055566,94.21405966,Minor injury,3.0,1.0,Dual carriageway,Fine no high winds,Daylight,Assam,Jorhat
7422.0,2018-06-01,19:57,26.75323399,94.20223009,Minor injury,1.0,2.0,Single carriageway,Raining no high winds,Daylight,Assam,Jorhat
7423.0,2018-05-28,19:07,26.7509162,94.22939555,Minor injury,2.0,1.0,Roundabout,Fine no high winds,Daylight,Assam,Jorhat
7424.0,2018-06-02,18:40,26.75783731,94.19060707,Serious injury,1.0,1.0,Single carriageway,Fine no high winds,Daylight,Assam,Jorhat
7425.0,2018-05-16,15:57,26.73511438,94.1756597,Minor injury,2.0,1.0,Roundabout,Fine no high winds,Daylight,Assam,Jorhat
7426.0,2018-05-26,11:52,26.73730602,94.21626865,Minor injury,2.0,2.0,Single carriageway,Fine no high winds,Daylight,Assam,Jorhat
7427.0,2018-05-27,15:42,26.73688279,94.21497635,Minor injury,1.0,1.0,Single carriageway,Fine no high winds,Daylight,Assam,Jorhat
7428.0,2018-05-17,16:10,26.71834222,94.20257427,Minor injury,2.0,1.0,Single carriageway,Fine no high winds,Daylight,Assam,Jorhat
7429.0,2018-05-18,17:35,26.71823743,94.21896298,Minor injury,1.0,1.0,Dual carriageway,Fine no high winds,Daylight,Assam,Jorhat
7430.0,2018-05-30,09:55,26.75763793,94.22996154,Minor injury,2.0,1.0,Single carriageway,Fine no high winds,Daylight,Assam,Jorhat
7431.0,2018-05-27,08:10,26.72070653,94.17069618,Minor injury,2.0,1.0,Single carriageway,Fine no high winds,Daylight,Assam,Jorhat
7432.0,2018-06-01,15:45,26.74177005,94.18865505,Minor injury,2.0,1.0,Single carriageway,Fine no high winds,Daylight,Assam,Jorhat
7433.0,2018-06-01,16:15,26.73881279,94.22396067,Minor injury,3.0,2.0,Dual carriageway,Fine no high winds,Daylight,Assam,Jorhat
7434.0,2018-05-29,11:15,26.71757332,94.17462735,Minor injury,2.0,3.0,Single carriageway,Fine no high winds,Daylight,Assam,Jorhat
7435.0,2018-05-17,14:00,26.73476302,94.20742041,Minor injury,1.0,1.0,Single carriageway,Fine no high winds,Daylight,Assam,Jorhat
7436.0,2018-06-03,21:05,26.73042772,94.17548665,Minor injury,2.0,1.0,Roundabout,Fine no high winds,Darkness - lights lit,Assam,Jorhat
7437.0,2018-05-16,22:40,26.754768,94.20099767,Minor injury,2.0,1.0,Dual carriageway,Raining no high winds,Darkness - lights lit,Assam,Jorhat
7438.0,2018-05-13,17:25,26.73481304,94.18060861,Minor injury,2.0,1.0,Single carriageway,Fine no high winds,Daylight,Assam,Jorhat
7439.0,2018-05-15,13:00,26.75863783,94.19264647,Minor injury,1.0,1.0,Single carriageway,Fine no high winds,Daylight,Assam,Jorhat
7440.0,2018-05-28,16:30,26.7328634,94.18990173,Minor injury,2.0,1.0,Single carriageway,Fine no high winds,Daylight,Assam,Jorhat
7441.0,2018-05-30,20:54,26.72616239,94.18418354,Minor injury,2.0,1.0,Single carriageway,Fine no high winds,Daylight,Assam,Jorhat
7442.0,2018-06-01,18:00,26.72509172,94.16796402,Minor injury,2.0,1.0,Dual carriageway,Raining no high winds,Daylight,Assam,Jorhat
7443.0,2018-05-25,09:45,26.76402898,94.18642478,Minor injury,2.0,1.0,Single carriageway,Fine no high winds,Daylight,Assam,Jorhat
7444.0,2018-05-29,14:29,26.7238583,94.17636703,Minor injury,5.0,1.0,Single carriageway,Fine no high winds,Daylight,Assam,Jorhat
7445.0,2018-06-01,11:30,26.74996268,94.20876315,Minor injury,2.0,1.0,Single carriageway,Fine no high winds,Daylight,Assam,Jorhat
7446.0,2018-05-27,16:32,26.75396852,94.19376775,Minor injury,2.0,1.0,Single carriageway,Fine no high winds,Daylight,Assam,Jorhat
7447.0,2018-05-05,15:50,26.76607555,94.17044525,Minor injury,1.0,1.0,Single carriageway,Fine no high winds,Daylight,Assam,Jorhat
7448.0,2018-06-06,16:33,26.72228805,94.21222987,Minor injury,2.0,1.0,Single carriageway,Fine no high winds,Daylight,Assam,Jorhat
7449.0,2018-06-09,08:32,26.75879027,94.20130965,Serious injury,2.0,1.0,Single carriageway,Fine no high winds,Daylight,Assam,Jorhat
7450.0,2018-06-14,12:35,26.7680762,94.21678206,Minor injury,1.0,1.0,Single carriageway,Fine no high winds,Daylight,Assam,Jorhat
7451.0,2018-06-05,13:39,26.74361816,94.21677363,Minor injury,1.0,1.0,Single carriageway,Fine no high winds,Daylight,Assam,Jorhat
7452.0,2018-06-15,20:40,26.75619421,94.1850634,Minor injury,2.0,1.0,Dual carriageway,Fine no high winds,Daylight,Assam,Jorhat
7453.0,2018-06-04,07:25,26.75633802,94.21048523,Minor injury,2.0,1.0,Dual carriageway,Fine no high winds,Daylight,Assam,Jorhat
7454.0,2018-06-07,21:11,26.72782916,94.22519398,Minor injury,2.0,1.0,Single carriageway,Fine no high winds,Darkness - lights lit,Assam,Jorhat
7455.0,2018-06-10,15:55,26.74026043,94.18187094,Minor injury,2.0,1.0,Single carriageway,Fine no high winds,Daylight,Assam,Jorhat
7456.0,2018-05-24,07:21,26.75059794,94.21273727,Minor injury,2.0,1.0,Single carriageway,Fine no high winds,Daylight,Assam,Jorhat
7457.0,2018-06-10,17:35,26.76601803,94.22231661,Serious injury,1.0,1.0,Single carriageway,Fine no high winds,Daylight,Assam,Jorhat
7458.0,2018-06-02,18:15,26.72653031,94.17069765,Minor injury,2.0,1.0,Single carriageway,Fine no high winds,Daylight,Assam,Jorhat
7459.0,2018-06-03,18:50,26.76684065,94.20337555,Minor injury,2.0,1.0,Single carriageway,Fine no high winds,Daylight,Assam,Jorhat
7460.0,2018-05-27,12:30,26.72645727,94.17298007,Minor injury,2.0,2.0,Single carriageway,Fine no high winds,Daylight,Assam,Jorhat
7461.0,2018-06-07,15:08,26.72625927,94.1896641,Minor injury,1.0,1.0,Single carriageway,Fine no high winds,Daylight,Assam,Jorhat
7462.0,2018-06-19,19:15,26.75311262,94.20165221,Minor injury,2.0,3.0,Single carriageway,Fine no high winds,Darkness - lights lit,Assam,Jorhat
7463.0,2018-05-19,18:45,26.7395571,94.19929029,Minor injury,2.0,1.0,Single carriageway,Fine no high winds,Daylight,Assam,Jorhat
7464.0,2018-06-15,09:00,26.73255213,94.19333319,Minor injury,3.0,1.0,Roundabout,Raining no high winds,Daylight,Assam,Jorhat
7465.0,2018-06-23,08:15,26.74529581,94.22744227,Minor injury,1.0,1.0,Single carriageway,Fine no high winds,Daylight,Assam,Jorhat
7466.0,2018-05-28,16:56,26.76415022,94.19712914,Minor injury,2.0,1.0,Single carriageway,Fine no high winds,Daylight,Assam,Jorhat
7467.0,2018-06-20,17:44,26.7370431,94.22580001,Minor injury,3.0,2.0,Dual carriageway,Fine no high winds,Daylight,Assam,Jorhat
7468.0,2018-06-23,09:00,26.73302794,94.21012848,Minor injury,3.0,1.0,Dual carriageway,Fine no high winds,Daylight,Assam,Jorhat
7469.0,2018-06-04,13:50,26.73009255,94.19718066,Minor injury,2.0,1.0,Single carriageway,Fine no high winds,Daylight,Assam,Jorhat
7470.0,2018-06-13,16:15,26.75908383,94.21015608,Minor injury,2.0,1.0,Single carriageway,Fine no high winds,Daylight,Assam,Jorhat
7471.0,2018-06-25,17:17,26.71862499,94.20647194,Minor injury,2.0,1.0,Single carriageway,Fine no high winds,Daylight,Assam,Jorhat
7472.0,2018-06-01,15:33,26.74796022,94.19693518,Minor injury,1.0,1.0,Single carriageway,Raining no high winds,Daylight,Assam,Jorhat
7473.0,2018-06-24,14:45,26.73864562,94.21988584,Minor injury,2.0,1.0,Single carriageway,Fine no high winds,Daylight,Assam,Jorhat
7474.0,2018-06-27,14:49,26.75338414,94.19192352,Minor injury,1.0,1.0,Single carriageway,Fine no high winds,Daylight,Assam,Jorhat
7475.0,2018-06-21,12:00,26.7622194,94.18534267,Serious injury,2.0,1.0,Dual carriageway,Fine no high winds,Daylight,Assam,Jorhat
7476.0,2018-06-30,13:00,26.75561964,94.17370459,Minor injury,2.0,2.0,Single carriageway,Fine no high winds,Daylight,Assam,Jorhat
7477.0,2018-01-07,13:50,26.76829759,94.19500496,Minor injury,2.0,2.0,Single carriageway,Fine no high winds,Daylight,Assam,Jorhat
7478.0,2018-06-11,17:35,26.74518098,94.2052074,Minor injury,2.0,1.0,Single carriageway,Fine no high winds,Daylight,Assam,Jorhat
7479.0,2018-05-28,15:00,26.73397806,94.21641614,Minor injury,1.0,1.0,One way street,Fine no high winds,Daylight,Assam,Jorhat
7480.0,2018-06-20,08:05,26.73696678,94.16971329,Serious injury,2.0,3.0,Single carriageway,Fine no high winds,Daylight,Assam,Jorhat
7481.0,2018-06-11,13:00,26.75310818,94.21009533,Minor injury,2.0,2.0,Single carriageway,Fine no high winds,Daylight,Assam,Jorhat
7482.0,2018-06-25,14:15,26.75874091,94.17970936,Minor injury,2.0,1.0,Roundabout,Fine no high winds,Daylight,Assam,Jorhat
7483.0,2018-06-29,07:20,26.76948958,94.2120609,Minor injury,4.0,2.0,Single carriageway,Fine no high winds,Daylight,Assam,Jorhat
7484.0,2018-06-15,20:00,26.75161016,94.2278511,Minor injury,2.0,2.0,Roundabout,Fine no high winds,Darkness - lights lit,Assam,Jorhat
7485.0,2018-07-03,00:31,26.74073919,94.20706331,Minor injury,1.0,1.0,Single carriageway,Fine no high winds,Darkness - lights lit,Assam,Jorhat
7486.0,2018-07-03,16:57,26.7634994,94.17934231,Minor injury,1.0,1.0,Roundabout,Fine no high winds,Daylight,Assam,Jorhat
7487.0,2018-06-03,17:20,26.71767652,94.18511862,Minor injury,2.0,1.0,Roundabout,Raining no high winds,Daylight,Assam,Jorhat
7488.0,2018-06-25,19:10,26.73140336,94.21311965,Minor injury,3.0,2.0,Single carriageway,Fine no high winds,Daylight,Assam,Jorhat
7489.0,2018-07-03,19:40,26.74680451,94.19456378,Minor injury,2.0,1.0,Dual carriageway,Fine no high winds,Darkness - lights unlit,Assam,Jorhat
7490.0,2018-06-28,14:40,26.75804119,94.22591201,Minor injury,2.0,1.0,Single carriageway,Fine no high winds,Daylight,Assam,Jorhat
7491.0,2018-06-01,16:00,26.72177712,94.19518525,Minor injury,2.0,1.0,Single carriageway,Fine no high winds,Daylight,Assam,Jorhat
7492.0,2018-07-06,18:25,26.74062844,94.22069882,Minor injury,3.0,1.0,Single carriageway,Fine no high winds,Daylight,Assam,Jorhat
7493.0,2018-07-09,17:30,26.73868812,94.22350982,Minor injury,2.0,1.0,Single carriageway,Fine no high winds,Daylight,Assam,Jorhat
7494.0,2018-04-25,15:00,26.75843427,94.20073604,Minor injury,2.0,1.0,Single carriageway,Fine no high winds,Daylight,Assam,Jorhat
7495.0,2018-06-15,14:00,26.73880338,94.19461862,Minor injury,1.0,1.0,Single carriageway,Raining no high winds,Daylight,Assam,Jorhat
7496.0,2018-01-10,10:00,26.73107761,94.17149756,Minor injury,2.0,1.0,Roundabout,Fine no high winds,Daylight,Assam,Jorhat
7497.0,2018-07-15,12:05,26.73733283,94.19000448,Minor injury,3.0,3.0,Single carriageway,Fine no high winds,Daylight,Assam,Jorhat
7498.0,2018-06-30,21:48,26.7536286,94.1978862,Serious injury,2.0,1.0,Single carriageway,Fine no high winds,Darkness - lights lit,Assam,Jorhat
7499.0,2018-06-24,13:45,26.74473135,94.18395459,Serious injury,2.0,1.0,Single carriageway,Raining no high winds,Daylight,Assam,Jorhat
7500.0,2018-06-03,12:10,26.7212008,94.16730524,Minor injury,2.0,1.0,Single carriageway,Fine no high winds,Daylight,Assam,Jorhat
7501.0,2018-07-01,17:50,26.71919155,94.19860727,Minor injury,2.0,1.0,Single carriageway,Fine no high winds,Daylight,Assam,Jorhat
7502.0,2018-07-05,18:25,26.74028177,94.18020812,Minor injury,2.0,1.0,Single carriageway,Fine no high winds,Daylight,Assam,Jorhat
7503.0,2018-07-01,17:40,26.76429943,94.20267796,Minor injury,2.0,1.0,Single carriageway,Raining no high winds,Daylight,Assam,Jorhat
7504.0,2018-07-02,17:05,26.74981356,94.23151612,Serious injury,2.0,2.0,Single carriageway,Fine no high winds,Daylight,Assam,Jorhat
7505.0,2018-07-14,18:15,26.72063726,94.19582127,Minor injury,2.0,1.0,Single carriageway,Fine no high winds,Daylight,Assam,Jorhat
7506.0,2018-07-08,17:35,26.71984834,94.20114479,Minor injury,2.0,1.0,Single carriageway,Fine no high winds,Daylight,Assam,Jorhat
7507.0,2018-07-13,22:28,26.7406937,94.21626851,Minor injury,2.0,2.0,Slip road,Fine no high winds,Darkness - lights lit,Assam,Jorhat
7508.0,2018-06-18,14:45,26.76193338,94.18055866,Minor injury,3.0,2.0,Single carriageway,Fine no high winds,Daylight,Assam,Jorhat
7509.0,2018-07-07,08:23,26.73719166,94.2230219,Serious injury,2.0,3.0,Single carriageway,Raining no high winds,Daylight,Assam,Jorhat
7510.0,2018-07-08,17:50,26.76126905,94.20790079,Minor injury,2.0,1.0,Dual carriageway,Fine no high winds,Daylight,Assam,Jorhat
7511.0,2018-07-16,18:25,26.74491211,94.17541014,Serious injury,2.0,3.0,Dual carriageway,Fine no high winds,Daylight,Assam,Jorhat
7512.0,2018-07-04,13:05,26.74474935,94.20601766,Minor injury,3.0,1.0,Single carriageway,Fine no high winds,Daylight,Assam,Jorhat
7513.0,2018-07-08,22:33,26.72106707,94.17134429,Minor injury,2.0,1.0,Dual carriageway,Fine no high winds,Darkness - lights lit,Assam,Jorhat
7514.0,2018-07-11,14:05,26.72840998,94.2121951,Minor injury,2.0,1.0,Roundabout,Fine no high winds,Daylight,Assam,Jorhat
7515.0,2018-07-06,13:50,26.75839045,94.21180057,Minor injury,1.0,1.0,Single carriageway,Fine no high winds,Daylight,Assam,Jorhat
7516.0,2018-07-15,17:10,26.72259085,94.19341841,Minor injury,2.0,1.0,Single carriageway,Fine no high winds,Daylight,Assam,Jorhat
7517.0,2018-06-13,11:38,26.73023559,94.20610001,Minor injury,1.0,1.0,Single carriageway,Fine no high winds,Daylight,Assam,Jorhat
7518.0,2018-07-17,11:58,26.73660826,94.20124966,Minor injury,1.0,1.0,Single carriageway,Fine no high winds,Daylight,Assam,Jorhat
7519.0,2018-07-07,18:05,26.75964178,94.20867513,Minor injury,2.0,1.0,Single carriageway,Fine no high winds,Daylight,Assam,Jorhat
7520.0,2018-07-17,20:23,26.72112765,94.17850792,Minor injury,3.0,1.0,Single carriageway,Fine no high winds,Daylight,Assam,Jorhat
7521.0,2018-07-15,17:10,26.71812439,94.18640474,Minor injury,3.0,1.0,Single carriageway,Fine no high winds,Daylight,Assam,Jorhat
7522.0,2018-07-18,16:20,26.72877386,94.20323628,Minor injury,2.0,1.0,Single carriageway,Fine no high winds,Daylight,Assam,Jorhat
7523.0,2018-05-29,19:15,26.75390158,94.18553674,Minor injury,1.0,1.0,Single carriageway,Fine no high winds,Daylight,Assam,Jorhat
7524.0,2018-07-21,16:50,26.73487725,94.181972,Minor injury,2.0,1.0,Single carriageway,Fine no high winds,Daylight,Assam,Jorhat
7525.0,2018-07-20,19:30,26.73291829,94.19649597,Minor injury,2.0,1.0,Single carriageway,Fine no high winds,Daylight,Assam,Jorhat
7526.0,2018-07-16,12:40,26.7425186,94.23052551,Minor injury,2.0,1.0,Single carriageway,Fine no high winds,Daylight,Assam,Jorhat
7527.0,2018-07-09,19:28,26.74202625,94.23108789,Minor injury,2.0,1.0,Single carriageway,Fine no high winds,Daylight,Assam,Jorhat
7528.0,2018-07-19,10:11,26.76931914,94.17095305,Minor injury,2.0,1.0,Single carriageway,Fine no high winds,Daylight,Assam,Jorhat
7529.0,2018-07-22,01:12,26.72313868,94.21400074,Minor injury,2.0,1.0,Dual carriageway,Fine no high winds,Darkness - lights lit,Assam,Jorhat
7530.0,2018-07-17,13:20,26.74756512,94.16874173,Minor injury,2.0,1.0,Single carriageway,Fine no high winds,Daylight,Assam,Jorhat
7531.0,2018-06-21,08:00,26.73608165,94.16926914,Serious injury,2.0,1.0,Roundabout,Fine no high winds,Daylight,Assam,Jorhat
7532.0,2018-07-22,23:45,26.72905797,94.18106966,Minor injury,2.0,1.0,Single carriageway,Fine no high winds,Darkness - lights lit,Assam,Jorhat
7533.0,2018-07-17,15:00,26.75569757,94.21553808,Minor injury,2.0,1.0,Single carriageway,Fine no high winds,Daylight,Assam,Jorhat
7534.0,2018-07-22,23:48,26.74051408,94.18565712,Minor injury,2.0,1.0,Single carriageway,Fine no high winds,Darkness - lights lit,Assam,Jorhat
7535.0,2018-07-25,17:53,26.76038983,94.18602806,Minor injury,2.0,1.0,Single carriageway,Fine no high winds,Daylight,Assam,Jorhat
7536.0,2018-07-17,23:30,26.7649142,94.19488395,Minor injury,2.0,1.0,Single carriageway,Fine no high winds,Darkness - lights lit,Assam,Jorhat
7537.0,2018-07-22,10:47,26.75298578,94.21088353,Minor injury,2.0,1.0,Single carriageway,Fine no high winds,Daylight,Assam,Jorhat
7538.0,2018-07-27,11:00,26.731388,94.19481521,Minor injury,1.0,1.0,Roundabout,Raining no high winds,Daylight,Assam,Jorhat
7539.0,2018-07-19,17:45,26.73637679,94.17696103,Minor injury,3.0,1.0,Dual carriageway,Fine no high winds,Daylight,Assam,Jorhat
7540.0,2018-07-21,11:45,26.7633701,94.20336859,Serious injury,3.0,2.0,Roundabout,Fine no high winds,Daylight,Assam,Jorhat
7541.0,2018-07-25,16:10,26.73774294,94.21394389,Serious injury,2.0,1.0,Dual carriageway,Fine no high winds,Daylight,Assam,Jorhat
7542.0,2018-07-15,17:10,26.75806264,94.18062354,Minor injury,3.0,2.0,Single carriageway,Fine no high winds,Daylight,Assam,Jorhat
7543.0,2018-06-16,09:35,26.74758993,94.18039284,Minor injury,2.0,2.0,Single carriageway,Fine no high winds,Daylight,Assam,Jorhat
7544.0,2018-07-30,12:03,26.72393754,94.2114877,Minor injury,2.0,1.0,Single carriageway,Fine no high winds,Daylight,Assam,Jorhat
7545.0,2018-07-31,16:40,26.72619788,94.21343747,Minor injury,3.0,2.0,Single carriageway,Fine no high winds,Daylight,Assam,Jorhat
7546.0,2018-07-27,00:37,26.76781149,94.1919187,Serious injury,2.0,2.0,Dual carriageway,Raining no high winds,Darkness - lights lit,Assam,Jorhat
7547.0,2018-07-28,20:38,26.74942442,94.20467626,Minor injury,2.0,1.0,Single carriageway,Fine no high winds,Daylight,Assam,Jorhat
7548.0,2018-07-23,08:15,26.73292659,94.18609369,Minor injury,2.0,1.0,Roundabout,Fine no high winds,Daylight,Assam,Jorhat
7549.0,2018-08-09,11:50,26.76661781,94.20789785,Serious injury,2.0,1.0,Roundabout,Fine no high winds,Daylight,Assam,Jorhat
7550.0,2018-07-21,17:30,26.74706564,94.20662631,Minor injury,2.0,1.0,Single carriageway,Fine no high winds,Daylight,Assam,Jorhat
7551.0,2018-08-04,15:40,26.74986546,94.18529293,Minor injury,2.0,1.0,Single carriageway,Fine no high winds,Daylight,Assam,Jorhat
7552.0,2018-08-10,18:29,26.766179,94.17464134,Minor injury,2.0,1.0,Single carriageway,Fine no high winds,Daylight,Assam,Jorhat
7553.0,2018-08-10,17:16,26.7493107,94.18094657,Minor injury,2.0,1.0,Single carriageway,Fine no high winds,Daylight,Assam,Jorhat
7554.0,2018-07-18,18:15,26.75969426,94.22202722,Minor injury,4.0,1.0,Dual carriageway,Fine no high winds,Daylight,Assam,Jorhat
7555.0,2018-08-03,11:40,26.76479235,94.16797033,Minor injury,2.0,1.0,Dual carriageway,Fine no high winds,Daylight,Assam,Jorhat
7556.0,2018-08-06,06:50,26.73549469,94.20750976,Minor injury,2.0,1.0,Single carriageway,Fine no high winds,Daylight,Assam,Jorhat
7557.0,2018-08-05,14:55,26.74339066,94.17711595,Minor injury,4.0,1.0,Single carriageway,Fine no high winds,Daylight,Assam,Jorhat
7558.0,2018-08-01,11:15,26.71791249,94.21021865,Minor injury,1.0,1.0,Single carriageway,Raining no high winds,Daylight,Assam,Jorhat
7559.0,2018-01-15,12:25,26.72126217,94.20541287,Minor injury,2.0,3.0,Single carriageway,Fine no high winds,Daylight,Assam,Jorhat
7560.0,2018-02-26,18:30,26.76611613,94.17169182,Minor injury,2.0,3.0,Single carriageway,Fine no high winds,Darkness - lights lit,Assam,Jorhat
7561.0,2018-08-08,11:27,26.7627932,94.21248155,Minor injury,2.0,1.0,Single carriageway,Fine no high winds,Daylight,Assam,Jorhat
7562.0,2018-01-17,15:45,26.73465903,94.18222227,Minor injury,2.0,2.0,Slip road,Fine no high winds,Daylight,Assam,Jorhat
7563.0,2018-02-23,08:35,26.74001105,94.16776677,Minor injury,2.0,1.0,Slip road,Fine no high winds,Daylight,Assam,Jorhat
7564.0,2018-02-25,16:00,26.76190633,94.19503273,Minor injury,2.0,1.0,Single carriageway,Fine no high winds,Daylight,Assam,Jorhat
7565.0,2018-03-23,18:20,26.76861114,94.2182361,Minor injury,2.0,1.0,Roundabout,Fine no high winds,Darkness - lights lit,Assam,Jorhat
7566.0,2018-07-06,09:15,26.75300281,94.22355435,Minor injury,2.0,1.0,Single carriageway,Fine no high winds,Daylight,Assam,Jorhat
7567.0,2018-08-06,07:10,26.75125709,94.22084346,Minor injury,2.0,1.0,Dual carriageway,Fine no high winds,Daylight,Assam,Jorhat
7568.0,2018-02-28,08:45,26.72324227,94.20451635,Minor injury,2.0,2.0,Single carriageway,Raining no high winds,Daylight,Assam,Jorhat
7569.0,2018-01-23,17:45,26.76309995,94.17047461,Minor injury,2.0,1.0,Single carriageway,Fine no high winds,Darkness - lights lit,Assam,Jorhat
7570.0,2018-03-02,21:10,26.72813123,94.1782257,Minor injury,1.0,1.0,Single carriageway,Raining no high winds,Darkness - lights lit,Assam,Jorhat
7571.0,2018-03-27,23:24,26.74540431,94.21152065,Minor injury,2.0,2.0,Single carriageway,Fine no high winds,Darkness - lights lit,Assam,Jorhat
7572.0,2018-01-10,18:05,26.7190997,94.2206407,Minor injury,2.0,1.0,Roundabout,Fine no high winds,Darkness - lights lit,Assam,Jorhat
7573.0,2018-08-02,15:14,26.76499335,94.17567013,Minor injury,2.0,1.0,Single carriageway,Fine no high winds,Daylight,Assam,Jorhat
7574.0,2018-02-15,09:30,26.72868752,94.20018966,Minor injury,2.0,2.0,Single carriageway,Fine no high winds,Daylight,Assam,Jorhat
7575.0,2018-07-30,19:30,26.73569565,94.20337752,Minor injury,2.0,1.0,Single carriageway,Fine no high winds,Daylight,Assam,Jorhat
7576.0,2018-07-08,15:35,26.74535619,94.19866061,Minor injury,2.0,1.0,Single carriageway,Fine no high winds,Daylight,Assam,Jorhat
7577.0,2018-07-01,18:40,26.76746092,94.16836345,Minor injury,2.0,1.0,Single carriageway,Fine no high winds,Daylight,Assam,Jorhat
7578.0,2018-08-15,12:35,26.76336458,94.19820566,Serious injury,3.0,7.0,Single carriageway,Fine no high winds,Daylight,Assam,Jorhat
7579.0,2018-07-29,11:40,26.74202925,94.17204845,Minor injury,2.0,1.0,Single carriageway,Fine no high winds,Daylight,Assam,Jorhat
7580.0,2018-07-28,14:45,26.72697747,94.20084889,Minor injury,1.0,1.0,Single carriageway,Fine no high winds,Daylight,Assam,Jorhat
7581.0,2018-05-28,15:30,26.71865832,94.22160872,Minor injury,2.0,1.0,Single carriageway,Fine no high winds,Daylight,Assam,Jorhat
7582.0,2018-07-21,19:10,26.72220074,94.21013225,Minor injury,2.0,1.0,Single carriageway,Fine no high winds,Daylight,Assam,Jorhat
7583.0,2018-08-02,11:45,26.76469819,94.16966852,Minor injury,3.0,1.0,Single carriageway,Fine no high winds,Daylight,Assam,Jorhat
7584.0,2018-08-18,15:10,26.75279944,94.20361158,Minor injury,1.0,1.0,Single carriageway,Fine no high winds,Daylight,Assam,Jorhat
7585.0,2018-08-20,09:10,26.73993555,94.20901872,Minor injury,1.0,2.0,Single carriageway,Fine no high winds,Daylight,Assam,Jorhat
7586.0,2018-08-14,14:56,26.76795563,94.22099353,Minor injury,2.0,1.0,Dual carriageway,Fine no high winds,Daylight,Assam,Jorhat
7587.0,2018-08-06,14:00,26.75850302,94.21796005,Minor injury,2.0,1.0,Single carriageway,Fine no high winds,Daylight,Assam,Jorhat
7588.0,2018-07-29,17:50,26.75539504,94.17757701,Minor injury,2.0,1.0,Single carriageway,Fine no high winds,Daylight,Assam,Jorhat
7589.0,2018-08-04,17:20,26.75633416,94.2160745,Minor injury,2.0,1.0,Single carriageway,Fine no high winds,Daylight,Assam,Jorhat
7590.0,2018-08-19,09:00,26.73037414,94.19271224,Minor injury,2.0,1.0,Single carriageway,Raining no high winds,Daylight,Assam,Jorhat
7591.0,2018-08-07,17:49,26.72026365,94.21382905,Minor injury,2.0,1.0,Single carriageway,Fine no high winds,Daylight,Assam,Jorhat
7592.0,2018-08-19,16:08,26.72611345,94.17550244,Minor injury,1.0,1.0,Single carriageway,Fine no high winds,Daylight,Assam,Jorhat
7593.0,2018-08-23,07:00,26.73167791,94.22587869,Minor injury,2.0,1.0,Single carriageway,Fine no high winds,Daylight,Assam,Jorhat
7594.0,2018-08-04,12:00,26.75247057,94.21918988,Minor injury,1.0,1.0,Single carriageway,Fine no high winds,Daylight,Assam,Jorhat
7595.0,2018-08-23,08:45,26.73392866,94.21927114,Minor injury,2.0,1.0,Dual carriageway,Fine no high winds,Daylight,Assam,Jorhat
7596.0,2018-08-25,08:50,26.75056644,94.19949446,Minor injury,2.0,1.0,Roundabout,Fine no high winds,Daylight,Assam,Jorhat
7597.0,2018-08-19,18:50,26.73688889,94.18379314,Minor injury,2.0,2.0,Single carriageway,Fine no high winds,Daylight,Assam,Jorhat
7598.0,2018-08-22,19:55,26.76865188,94.22431221,Minor injury,2.0,1.0,Roundabout,Raining no high winds,Daylight,Assam,Jorhat
7599.0,2018-08-13,16:50,26.74779059,94.22398394,Minor injury,2.0,1.0,Slip road,Fine no high winds,Daylight,Assam,Jorhat
7600.0,2018-07-24,15:36,26.72741364,94.19115628,Minor injury,2.0,1.0,Roundabout,Fine no high winds,Daylight,Assam,Jorhat
7601.0,2018-08-22,12:33,26.7649453,94.18042767,Minor injury,2.0,1.0,Single carriageway,Raining no high winds,Daylight,Assam,Jorhat
7602.0,2018-08-07,19:45,26.73519548,94.18934748,Minor injury,1.0,1.0,Single carriageway,Fine no high winds,Daylight,Assam,Jorhat
7603.0,2018-08-08,11:25,26.75897092,94.22696349,Serious injury,2.0,1.0,Single carriageway,Fine no high winds,Daylight,Assam,Jorhat
7604.0,2018-08-14,01:10,26.72475904,94.19005381,Minor injury,2.0,2.0,Dual carriageway,Raining no high winds,Darkness - lights lit,Assam,Jorhat
7605.0,2018-08-19,16:36,26.74204464,94.20156632,Minor injury,2.0,2.0,Single carriageway,Raining no high winds,Daylight,Assam,Jorhat
7606.0,2018-08-14,18:50,26.73038576,94.1965706,Minor injury,3.0,1.0,Single carriageway,Fine no high winds,Darkness - lights lit,Assam,Jorhat
7607.0,2018-09-04,14:10,26.75217573,94.23176462,Serious injury,1.0,1.0,Single carriageway,Fine no high winds,Daylight,Assam,Jorhat
7608.0,2018-08-30,18:43,26.73685596,94.17578382,Minor injury,2.0,2.0,Single carriageway,Fine no high winds,Daylight,Assam,Jorhat
7609.0,2018-09-03,21:50,26.75098328,94.19290634,Minor injury,1.0,1.0,Single carriageway,Fine no high winds,Daylight,Assam,Jorhat
7610.0,2018-08-17,07:38,26.71843067,94.20088855,Minor injury,2.0,2.0,Single carriageway,Fine no high winds,Daylight,Assam,Jorhat
7611.0,2018-08-17,16:05,26.7213055,94.1857349,Serious injury,2.0,3.0,Single carriageway,Fine no high winds,Daylight,Assam,Jorhat
7612.0,2018-09-04,12:50,26.74232389,94.2007362,Minor injury,2.0,1.0,Single carriageway,Fine no high winds,Daylight,Assam,Jorhat
7613.0,2018-08-03,08:00,26.73726326,94.20969479,Minor injury,1.0,1.0,Single carriageway,Fine no high winds,Daylight,Assam,Jorhat
7614.0,2018-09-02,22:07,26.75757268,94.18310994,Minor injury,2.0,1.0,Single carriageway,Fine no high winds,Darkness - lights lit,Assam,Jorhat
7615.0,2018-08-19,10:40,26.7620219,94.21927917,Minor injury,2.0,2.0,Roundabout,Raining no high winds,Daylight,Assam,Jorhat
7616.0,2018-08-22,17:30,26.74316441,94.17540382,Minor injury,2.0,1.0,Single carriageway,Fine no high winds,Daylight,Assam,Jorhat
7617.0,2018-09-03,21:10,26.73639957,94.18699602,Minor injury,1.0,1.0,Single carriageway,Fine no high winds,Darkness - lights lit,Assam,Jorhat
7618.0,2018-09-06,15:55,26.76079798,94.20224854,Minor injury,2.0,1.0,Single carriageway,Fine no high winds,Daylight,Assam,Jorhat
7619.0,2018-08-10,21:14,26.73263831,94.19960653,Serious injury,2.0,1.0,Single carriageway,Fine no high winds,Darkness - lights lit,Assam,Jorhat
7620.0,2018-08-02,17:24,26.73092344,94.20307233,Minor injury,2.0,2.0,Single carriageway,Fine no high winds,Daylight,Assam,Jorhat
7621.0,2018-08-30,19:30,26.73074866,94.22110225,Minor injury,2.0,1.0,Single carriageway,Fine no high winds,Daylight,Assam,Jorhat
7622.0,2018-09-02,08:25,26.75992531,94.1790739,Minor injury,2.0,1.0,Single carriageway,Fine no high winds,Daylight,Assam,Jorhat
7623.0,2018-08-23,17:00,26.76644797,94.17215055,Minor injury,3.0,1.0,Roundabout,Fine no high winds,Daylight,Assam,Jorhat
7624.0,2018-09-02,20:05,26.75208567,94.21715775,Minor injury,2.0,1.0,Single carriageway,Fine no high winds,Daylight,Assam,Jorhat
7625.0,2018-09-03,01:30,26.7538784,94.20466758,Serious injury,1.0,1.0,Single carriageway,Fine no high winds,Darkness - lights lit,Assam,Jorhat
7626.0,2018-08-30,07:00,26.75825806,94.18197043,Serious injury,2.0,1.0,Dual carriageway,Fine no high winds,Daylight,Assam,Jorhat
7627.0,2018-09-03,16:10,26.72370099,94.1733257,Minor injury,1.0,1.0,Single carriageway,Fine no high winds,Daylight,Assam,Jorhat
7628.0,2018-08-22,12:45,26.76495623,94.16708561,Minor injury,2.0,1.0,Roundabout,Raining no high winds,Daylight,Assam,Jorhat
7629.0,2018-08-25,14:05,26.74472967,94.1846429,Minor injury,2.0,1.0,Single carriageway,Fine no high winds,Daylight,Assam,Jorhat
7630.0,2018-08-25,08:55,26.75637711,94.18844107,Minor injury,2.0,2.0,Dual carriageway,Fine no high winds,Daylight,Assam,Jorhat
7631.0,2018-08-22,18:30,26.7236816,94.18101137,Minor injury,2.0,1.0,Single carriageway,Fine no high winds,Daylight,Assam,Jorhat
7632.0,2018-07-03,09:27,26.75902361,94.2033923,Minor injury,2.0,1.0,Single carriageway,Fine no high winds,Daylight,Assam,Jorhat
7633.0,2018-04-30,16:00,26.76693895,94.19930998,Minor injury,2.0,1.0,Single carriageway,Fine no high winds,Daylight,Assam,Jorhat
7634.0,2018-09-05,13:20,26.75613953,94.20589758,Minor injury,2.0,1.0,Roundabout,Fine no high winds,Daylight,Assam,Jorhat
7635.0,2018-09-07,12:46,26.75171017,94.21738345,Minor injury,2.0,1.0,Single carriageway,Fine no high winds,Daylight,Assam,Jorhat
7636.0,2018-08-24,17:50,26.72861913,94.18674477,Minor injury,2.0,1.0,Single carriageway,Fine no high winds,Daylight,Assam,Jorhat
7637.0,2018-09-04,12:45,26.73659879,94.16742046,Minor injury,2.0,1.0,Single carriageway,Fine no high winds,Daylight,Assam,Jorhat
7638.0,2018-09-11,18:45,26.75682859,94.21635986,Minor injury,3.0,1.0,Single carriageway,Fine no high winds,Daylight,Assam,Jorhat
7639.0,2018-08-26,08:15,26.73689965,94.21024531,Minor injury,2.0,2.0,Single carriageway,Fine no high winds,Daylight,Assam,Jorhat
7640.0,2018-09-07,17:00,26.72282373,94.21240099,Minor injury,1.0,1.0,Single carriageway,Fine no high winds,Daylight,Assam,Jorhat
7641.0,2018-09-11,17:46,26.75335283,94.21340213,Minor injury,2.0,1.0,Single carriageway,Fine no high winds,Daylight,Assam,Jorhat
7642.0,2018-09-14,08:54,26.73291669,94.2063587,Minor injury,4.0,1.0,Single carriageway,Fine no high winds,Daylight,Assam,Jorhat
7643.0,2018-09-05,08:15,26.76247796,94.1755753,Minor injury,2.0,1.0,Single carriageway,Fine no high winds,Daylight,Assam,Jorhat
7644.0,2018-09-18,18:32,26.76761837,94.16800056,Minor injury,2.0,1.0,Single carriageway,Fine no high winds,Daylight,Assam,Jorhat
7645.0,2018-09-14,08:41,26.74099697,94.21971848,Minor injury,3.0,1.0,Single carriageway,Fine no high winds,Daylight,Assam,Jorhat
7646.0,2018-09-14,08:40,26.74942983,94.18962599,Minor injury,3.0,1.0,Dual carriageway,Fine no high winds,Daylight,Assam,Jorhat
7647.0,2018-09-18,13:50,26.72567934,94.20998672,Minor injury,2.0,1.0,Single carriageway,Fine no high winds,Daylight,Assam,Jorhat
7648.0,2018-09-08,10:58,26.76286842,94.22053405,Minor injury,2.0,1.0,Single carriageway,Fine no high winds,Daylight,Assam,Jorhat
7649.0,2018-09-05,16:00,26.72632966,94.18857016,Minor injury,2.0,1.0,Single carriageway,Fine no high winds,Daylight,Assam,Jorhat
7650.0,2018-08-27,12:30,26.75818103,94.17726379,Minor injury,2.0,2.0,Single carriageway,Fine no high winds,Daylight,Assam,Jorhat
7651.0,2018-09-11,13:00,26.76734918,94.20472044,Minor injury,3.0,1.0,Single carriageway,Fine no high winds,Daylight,Assam,Jorhat
7652.0,2018-09-24,18:30,26.72323165,94.17718573,Serious injury,1.0,1.0,Single carriageway,Fine no high winds,Daylight,Assam,Jorhat
7653.0,2018-09-06,16:25,26.72311004,94.22594279,Minor injury,1.0,1.0,Single carriageway,Fine no high winds,Daylight,Assam,Jorhat
7654.0,2018-09-25,16:00,26.76566251,94.21444489,Minor injury,3.0,1.0,Single carriageway,Fine no high winds,Daylight,Assam,Jorhat
7655.0,2018-09-20,10:59,26.73871707,94.20048419,Minor injury,4.0,1.0,Single carriageway,Fine no high winds,Daylight,Assam,Jorhat
7656.0,2018-09-08,14:42,26.74289685,94.1709934,Minor injury,2.0,2.0,Dual carriageway,Fine no high winds,Daylight,Assam,Jorhat
7657.0,2018-09-08,09:56,26.75080506,94.21409917,Minor injury,1.0,3.0,Dual carriageway,Fine no high winds,Daylight,Assam,Jorhat
7658.0,2018-09-08,08:15,26.72320589,94.23104478,Minor injury,2.0,1.0,Single carriageway,Fine no high winds,Daylight,Assam,Jorhat
7659.0,2018-09-15,18:10,26.7433265,94.19174517,Minor injury,1.0,1.0,Single carriageway,Fine no high winds,Daylight,Assam,Jorhat
7660.0,2018-09-16,16:15,26.74257564,94.1768469,Minor injury,2.0,3.0,Single carriageway,Fine no high winds,Daylight,Assam,Jorhat
7661.0,2018-08-27,02:40,26.75470279,94.22144675,Serious injury,2.0,1.0,Single carriageway,Fine no high winds,Darkness - lights lit,Assam,Jorhat
7662.0,2018-08-30,21:50,26.75734747,94.20396701,Minor injury,2.0,1.0,Dual carriageway,Fine no high winds,Darkness - lights lit,Assam,Jorhat
7663.0,2018-09-08,16:08,26.72128155,94.206466,Minor injury,2.0,1.0,Single carriageway,Fine no high winds,Daylight,Assam,Jorhat
7664.0,2018-09-03,16:00,26.74707753,94.20241711,Minor injury,1.0,1.0,Single carriageway,Fine no high winds,Daylight,Assam,Jorhat
7665.0,2018-09-28,15:54,26.7205379,94.18993853,Minor injury,1.0,1.0,Single carriageway,Fine no high winds,Daylight,Assam,Jorhat
7666.0,2018-09-10,14:15,26.74996715,94.2253166,Minor injury,3.0,1.0,Dual carriageway,Fine no high winds,Daylight,Assam,Jorhat
7667.0,2018-08-22,13:50,26.75532194,94.18359275,Minor injury,1.0,1.0,Single carriageway,Fine no high winds,Daylight,Assam,Jorhat
7668.0,2018-09-10,18:42,26.7459766,94.21988104,Minor injury,2.0,1.0,Roundabout,Fine no high winds,Daylight,Assam,Jorhat
7669.0,2018-09-19,12:25,26.76196958,94.22022622,Minor injury,2.0,1.0,Single carriageway,Fine no high winds,Daylight,Assam,Jorhat
7670.0,2018-09-17,16:55,26.75955269,94.17774213,Minor injury,1.0,1.0,Single carriageway,Fine no high winds,Daylight,Assam,Jorhat
7671.0,2018-08-29,14:45,26.75743391,94.17766261,Minor injury,2.0,1.0,Single carriageway,Fine no high winds,Daylight,Assam,Jorhat
7672.0,2018-09-25,12:05,26.7632309,94.20789237,Minor injury,2.0,3.0,Dual carriageway,Fine no high winds,Daylight,Assam,Jorhat
7673.0,2018-09-29,13:35,26.75042567,94.18009018,Minor injury,3.0,1.0,Dual carriageway,Fine no high winds,Daylight,Assam,Jorhat
7674.0,2018-09-19,10:30,26.73355404,94.21185837,Minor injury,2.0,1.0,Single carriageway,Fine no high winds,Daylight,Assam,Jorhat
7675.0,2018-09-17,14:30,26.72208634,94.21400383,Minor injury,2.0,2.0,Single carriageway,Fine no high winds,Daylight,Assam,Jorhat
7676.0,2018-10-01,14:55,26.71844454,94.18555311,Minor injury,2.0,1.0,Single carriageway,Fine no high winds,Daylight,Assam,Jorhat
7677.0,2018-09-15,08:25,26.7432969,94.17084398,Minor injury,2.0,1.0,Single carriageway,Fine no high winds,Daylight,Assam,Jorhat
7678.0,2018-09-02,21:39,26.73775938,94.20949038,Serious injury,2.0,4.0,Single carriageway,Fine no high winds,Darkness - lights lit,Assam,Jorhat
7679.0,2018-09-22,09:05,26.74756197,94.18535505,Minor injury,2.0,1.0,Single carriageway,Fine no high winds,Daylight,Assam,Jorhat
7680.0,2018-09-29,08:50,26.75497926,94.17124928,Serious injury,2.0,2.0,Single carriageway,Fine no high winds,Daylight,Assam,Jorhat
7681.0,2018-10-01,22:43,26.72218808,94.17347171,Minor injury,2.0,1.0,Single carriageway,Fine no high winds,Darkness - lights lit,Assam,Jorhat
7682.0,2018-09-12,10:45,26.74084113,94.18858228,Minor injury,1.0,2.0,Single carriageway,Unknown,Daylight,Assam,Jorhat
7683.0,2018-10-02,15:45,26.72971079,94.21148844,Serious injury,1.0,1.0,Single carriageway,Fine no high winds,Daylight,Assam,Jorhat
7684.0,2018-10-03,09:10,26.72998136,94.22975018,Minor injury,1.0,1.0,Single carriageway,Fine no high winds,Daylight,Assam,Jorhat
7685.0,2018-10-05,18:39,26.72613579,94.20187902,Minor injury,2.0,1.0,Dual carriageway,Fine no high winds,Daylight,Assam,Jorhat
7686.0,2018-09-24,18:22,26.72766541,94.17301749,Serious injury,2.0,2.0,Single carriageway,Fine no high winds,Daylight,Assam,Jorhat
7687.0,2018-09-28,15:05,26.74425961,94.23076018,Minor injury,2.0,1.0,Single carriageway,Fine no high winds,Daylight,Assam,Jorhat
7688.0,2018-09-25,20:20,26.72924594,94.2130047,Minor injury,1.0,1.0,Single carriageway,Fine no high winds,Daylight,Assam,Jorhat
7689.0,2018-10-07,15:30,26.73115411,94.17623721,Minor injury,1.0,1.0,Single carriageway,Fine no high winds,Daylight,Assam,Jorhat
7690.0,2018-09-26,09:30,26.72688295,94.19743848,Minor injury,2.0,1.0,Single carriageway,Fine no high winds,Daylight,Assam,Jorhat
7691.0,2018-10-05,21:45,26.73272482,94.18247456,Serious injury,1.0,2.0,Roundabout,Fine no high winds,Darkness - lights lit,Assam,Jorhat
7692.0,2018-10-06,17:05,26.7338972,94.16681059,Minor injury,1.0,1.0,Single carriageway,Fine no high winds,Daylight,Assam,Jorhat
7693.0,2018-09-20,17:30,26.7647209,94.18056533,Minor injury,2.0,1.0,Dual carriageway,Fine no high winds,Daylight,Assam,Jorhat
7694.0,2018-10-09,10:23,26.76526594,94.16682876,Minor injury,2.0,1.0,Single carriageway,Fine no high winds,Daylight,Assam,Jorhat
7695.0,2018-10-05,14:37,26.72786773,94.21962019,Minor injury,1.0,1.0,Single carriageway,Fine no high winds,Daylight,Assam,Jorhat
7696.0,2018-09-28,12:20,26.73074195,94.20360704,Minor injury,2.0,1.0,Single carriageway,Fine no high winds,Daylight,Assam,Jorhat
7697.0,2018-10-10,07:38,26.75169608,94.19625018,Serious injury,2.0,2.0,Single carriageway,Fine no high winds,Daylight,Assam,Jorhat
7698.0,2018-10-01,16:50,26.74424803,94.18482479,Minor injury,4.0,2.0,Single carriageway,Fine no high winds,Daylight,Assam,Jorhat
7699.0,2018-10-10,15:04,26.7305274,94.21293708,Minor injury,2.0,1.0,Single carriageway,Fine no high winds,Daylight,Assam,Jorhat
7700.0,2018-10-12,08:53,26.73696,94.19719727,Minor injury,2.0,1.0,Dual carriageway,Fine no high winds,Daylight,Assam,Jorhat
7701.0,2018-10-11,18:28,26.74604735,94.19780422,Minor injury,2.0,1.0,Single carriageway,Fine no high winds,Darkness - lights unlit,Assam,Jorhat
7702.0,2018-10-06,17:45,26.743481,94.20258173,Minor injury,3.0,1.0,Roundabout,Fine no high winds,Daylight,Assam,Jorhat
7703.0,2018-09-30,09:30,26.75082964,94.22261701,Minor injury,2.0,1.0,Dual carriageway,Fine no high winds,Daylight,Assam,Jorhat
7704.0,2018-10-03,16:00,26.74039873,94.22032181,Serious injury,2.0,1.0,Single carriageway,Fine no high winds,Daylight,Assam,Jorhat
7705.0,2018-10-03,10:53,26.75655176,94.18362496,Serious injury,2.0,1.0,Single carriageway,Fine no high winds,Daylight,Assam,Jorhat
7706.0,2018-10-03,17:45,26.73454623,94.22103886,Minor injury,2.0,1.0,Single carriageway,Fine no high winds,Daylight,Assam,Jorhat
7707.0,2018-08-28,20:48,26.76223679,94.17753639,Serious injury,1.0,1.0,Single carriageway,Fine no high winds,Darkness - lights lit,Assam,Jorhat
7708.0,2018-10-04,11:34,26.75454795,94.21171852,Minor injury,2.0,1.0,Single carriageway,Fine no high winds,Daylight,Assam,Jorhat
7709.0,2018-10-04,15:56,26.7301246,94.20226286,Minor injury,1.0,1.0,Single carriageway,Fine no high winds,Daylight,Assam,Jorhat
7710.0,2018-10-11,14:54,26.76186376,94.19737706,Serious injury,2.0,1.0,Single carriageway,Fine no high winds,Daylight,Assam,Jorhat
7711.0,2018-10-12,12:20,26.73460462,94.22068466,Minor injury,2.0,1.0,Single carriageway,Fine no high winds,Daylight,Assam,Jorhat
7712.0,2018-09-27,15:30,26.73185011,94.22034781,Minor injury,3.0,1.0,Single carriageway,Fine no high winds,Daylight,Assam,Jorhat
7713.0,2018-09-09,12:00,26.76105626,94.16988214,Minor injury,1.0,1.0,Single carriageway,Fine no high winds,Daylight,Assam,Jorhat
7714.0,2018-10-18,08:54,26.75460296,94.21912326,Minor injury,2.0,1.0,Single carriageway,Fine no high winds,Daylight,Assam,Jorhat
7715.0,2018-10-06,19:00,26.76660893,94.21528337,Minor injury,2.0,2.0,Dual carriageway,Fine no high winds,Darkness - lights lit,Assam,Jorhat
7716.0,2018-10-14,18:43,26.72890876,94.19662038,Minor injury,2.0,1.0,Single carriageway,Fine no high winds,Darkness - lights lit,Assam,Jorhat
7717.0,2018-10-15,16:15,26.7551786,94.20916086,Minor injury,2.0,1.0,Single carriageway,Fine no high winds,Daylight,Assam,Jorhat
7718.0,2018-10-19,08:59,26.73671626,94.19667639,Minor injury,3.0,1.0,Single carriageway,Fine no high winds,Daylight,Assam,Jorhat
7719.0,2018-10-19,14:42,26.73668402,94.21957179,Minor injury,2.0,1.0,Single carriageway,Fine no high winds,Daylight,Assam,Jorhat
7720.0,2018-10-21,15:38,26.75783223,94.16957414,Minor injury,1.0,1.0,Single carriageway,Fine no high winds,Daylight,Assam,Jorhat
7721.0,2018-10-20,16:39,26.71969368,94.19844531,Minor injury,1.0,1.0,Single carriageway,Fine no high winds,Daylight,Assam,Jorhat
7722.0,2018-10-22,18:22,26.75912397,94.18605894,Minor injury,1.0,1.0,Single carriageway,Fine no high winds,Darkness - lights lit,Assam,Jorhat
7723.0,2018-10-22,18:40,26.73220553,94.2019252,Minor injury,2.0,1.0,Roundabout,Fine no high winds,Darkness - lights lit,Assam,Jorhat
7724.0,2018-09-16,14:15,26.74341788,94.22238952,Minor injury,2.0,1.0,Single carriageway,Fine no high winds,Daylight,Assam,Jorhat
7725.0,2018-10-21,08:42,26.75684733,94.18110672,Minor injury,4.0,1.0,Dual carriageway,Raining no high winds,Daylight,Assam,Jorhat
7726.0,2018-10-22,14:10,26.74756879,94.17264806,Minor injury,2.0,2.0,Dual carriageway,Fine no high winds,Daylight,Assam,Jorhat
7727.0,2018-10-28,12:50,26.72977015,94.20819569,Minor injury,1.0,1.0,Single carriageway,Fine no high winds,Daylight,Assam,Jorhat
7728.0,2018-10-20,14:48,26.75131051,94.16781612,Minor injury,1.0,2.0,Single carriageway,Fine no high winds,Daylight,Assam,Jorhat
7729.0,2018-09-14,08:10,26.7532267,94.21769867,Minor injury,2.0,1.0,Single carriageway,Fine no high winds,Daylight,Assam,Jorhat
7730.0,2018-10-26,08:05,26.73977376,94.22574443,Minor injury,2.0,1.0,Single carriageway,Fine no high winds,Daylight,Assam,Jorhat
7731.0,2018-10-22,16:40,26.74546399,94.23186695,Minor injury,2.0,1.0,Single carriageway,Fine no high winds,Daylight,Assam,Jorhat
7732.0,2018-10-19,08:30,26.72837608,94.21629529,Minor injury,4.0,1.0,Single carriageway,Fine no high winds,Daylight,Assam,Jorhat
7733.0,2018-10-20,09:00,26.71924791,94.17888625,Minor injury,2.0,1.0,Single carriageway,Fine no high winds,Daylight,Assam,Jorhat
7734.0,2018-10-05,16:00,26.76272575,94.19198539,Minor injury,2.0,1.0,Dual carriageway,Fine no high winds,Daylight,Assam,Jorhat
7735.0,2018-10-11,09:00,26.75468972,94.19978593,Serious injury,2.0,1.0,Single carriageway,Fine no high winds,Daylight,Assam,Jorhat
7736.0,2018-10-23,15:02,26.76358156,94.16881552,Minor injury,2.0,2.0,Dual carriageway,Fine no high winds,Daylight,Assam,Jorhat
7737.0,2018-11-03,10:53,26.73666113,94.20210199,Minor injury,2.0,1.0,Single carriageway,Fine no high winds,Daylight,Assam,Jorhat
7738.0,2018-10-20,08:35,26.72976813,94.22867012,Minor injury,1.0,1.0,Single carriageway,Fine no high winds,Daylight,Assam,Jorhat
7739.0,2018-11-02,16:15,26.75101771,94.17287642,Minor injury,2.0,1.0,Single carriageway,Fine no high winds,Daylight,Assam,Jorhat
7740.0,2018-08-06,13:45,26.75433488,94.16693354,Minor injury,2.0,1.0,Single carriageway,Fine no high winds,Daylight,Assam,Jorhat
7741.0,2018-10-31,16:30,26.75999501,94.17394698,Minor injury,3.0,2.0,Single carriageway,Raining no high winds,Darkness - lights lit,Assam,Jorhat
7742.0,2018-10-14,05:50,26.73050087,94.23138073,Minor injury,1.0,1.0,Dual carriageway,Raining no high winds,Darkness - lights lit,Assam,Jorhat
7743.0,2018-10-27,18:30,26.71919125,94.19246369,Minor injury,2.0,1.0,Dual carriageway,Fine no high winds,Darkness - lights lit,Assam,Jorhat
7744.0,2018-11-08,13:50,26.76836232,94.1781835,Minor injury,2.0,1.0,Dual carriageway,Fine no high winds,Daylight,Assam,Jorhat
7745.0,2018-10-31,08:50,26.74731168,94.18094145,Serious injury,4.0,2.0,Dual carriageway,Raining no high winds,Daylight,Assam,Jorhat
7746.0,2018-10-30,14:50,26.7306885,94.22170081,Minor injury,2.0,1.0,Single carriageway,Fine no high winds,Daylight,Assam,Jorhat
7747.0,2018-10-24,20:12,26.7308984,94.16977614,Minor injury,2.0,1.0,Single carriageway,Fine no high winds,Darkness - lights lit,Assam,Jorhat
7748.0,2018-10-27,12:01,26.72913343,94.18532471,Minor injury,2.0,1.0,Single carriageway,Fine no high winds,Daylight,Assam,Jorhat
7749.0,2018-10-11,19:02,26.7653505,94.21363152,Minor injury,2.0,1.0,Single carriageway,Fine no high winds,Daylight,Assam,Jorhat
7750.0,2018-11-03,18:40,26.72645931,94.22181934,Minor injury,1.0,1.0,Single carriageway,Fine no high winds,Darkness - lights lit,Assam,Jorhat
7751.0,2018-11-07,08:20,26.73970985,94.22142465,Minor injury,2.0,2.0,Single carriageway,Fine no high winds,Daylight,Assam,Jorhat
7752.0,2018-11-09,14:41,26.76499643,94.21832474,Minor injury,2.0,2.0,Single carriageway,Fine no high winds,Daylight,Assam,Jorhat
7753.0,2018-11-02,21:55,26.72883619,94.21983904,Minor injury,2.0,1.0,Single carriageway,Fine no high winds,Darkness - lights lit,Assam,Jorhat
7754.0,2018-11-11,12:10,26.72250451,94.21219119,Minor injury,1.0,1.0,Single carriageway,Fine no high winds,Daylight,Assam,Jorhat
7755.0,2018-11-03,14:02,26.73005115,94.17791932,Minor injury,2.0,1.0,Single carriageway,Fine no high winds,Daylight,Assam,Jorhat
7756.0,2018-10-27,20:55,26.7485342,94.19305364,Serious injury,2.0,1.0,Single carriageway,Fine no high winds,Darkness - lights lit,Assam,Jorhat
7757.0,2018-11-01,23:15,26.74554392,94.17562616,Minor injury,3.0,1.0,Dual carriageway,Raining no high winds,Darkness - lights lit,Assam,Jorhat
7758.0,2018-11-02,08:10,26.7357824,94.2190279,Minor injury,2.0,1.0,Dual carriageway,Fine no high winds,Daylight,Assam,Jorhat
7759.0,2018-11-07,16:05,26.73956464,94.21171778,Minor injury,2.0,1.0,Single carriageway,Fine no high winds,Daylight,Assam,Jorhat
7760.0,2018-11-11,23:30,26.74658284,94.18445106,Minor injury,2.0,1.0,Dual carriageway,Fine no high winds,Darkness - lights lit,Assam,Jorhat
7761.0,2018-11-11,22:19,26.71980788,94.22675556,Minor injury,2.0,1.0,Single carriageway,Fine no high winds,Darkness - lights lit,Assam,Jorhat
7762.0,2018-10-28,15:25,26.75348974,94.22367617,Minor injury,2.0,1.0,Single carriageway,Fine no high winds,Daylight,Assam,Jorhat
7763.0,2018-10-05,15:00,26.72168685,94.17366379,Minor injury,2.0,1.0,Single carriageway,Fine no high winds,Daylight,Assam,Jorhat
7764.0,2018-10-21,12:15,26.75209179,94.18221185,Minor injury,2.0,1.0,Single carriageway,Fine no high winds,Daylight,Assam,Jorhat
7765.0,2018-11-10,18:15,26.72458002,94.22247107,Minor injury,2.0,1.0,Single carriageway,Fine no high winds,Darkness - lights lit,Assam,Jorhat
7766.0,2018-11-01,06:20,26.76814796,94.21148514,Minor injury,1.0,1.0,Single carriageway,Fine no high winds,Darkness - lights lit,Assam,Jorhat
7767.0,2018-11-06,02:55,26.76413954,94.20508716,Minor injury,2.0,2.0,Single carriageway,Fine no high winds,Darkness - lights lit,Assam,Jorhat
7768.0,2018-10-27,18:00,26.73301621,94.18415666,Serious injury,3.0,2.0,Dual carriageway,Fine no high winds,Darkness - lights lit,Assam,Jorhat
7769.0,2018-11-14,10:55,26.76072586,94.1900722,Minor injury,1.0,1.0,Single carriageway,Fine no high winds,Daylight,Assam,Jorhat
7770.0,2018-11-10,17:03,26.76747798,94.19588947,Serious injury,1.0,1.0,Dual carriageway,Fine no high winds,Darkness - lights lit,Assam,Jorhat
7771.0,2018-11-02,20:30,26.73877526,94.17100372,Minor injury,2.0,2.0,Single carriageway,Raining no high winds,Darkness - lights lit,Assam,Jorhat
7772.0,2018-11-13,11:40,26.75436401,94.22028689,Minor injury,1.0,1.0,Dual carriageway,Fine no high winds,Daylight,Assam,Jorhat
7773.0,2018-11-12,18:55,26.76553886,94.17742515,Serious injury,1.0,1.0,Single carriageway,Fine no high winds,Daylight,Assam,Jorhat
7774.0,2018-11-08,13:50,26.75959453,94.22922868,Minor injury,2.0,1.0,Single carriageway,Fine no high winds,Daylight,Assam,Jorhat
7775.0,2018-11-07,10:50,26.76586386,94.18732493,Minor injury,1.0,1.0,Single carriageway,Fine no high winds,Daylight,Assam,Jorhat
7776.0,2018-11-07,07:45,26.75868934,94.21769051,Minor injury,2.0,1.0,Single carriageway,Fine no high winds,Daylight,Assam,Jorhat
7777.0,2018-11-04,20:35,26.73653537,94.17866605,Minor injury,2.0,1.0,Single carriageway,Fine no high winds,Darkness - lights lit,Assam,Jorhat
7778.0,2018-11-04,19:07,26.73371354,94.22071652,Minor injury,2.0,1.0,Single carriageway,Fine no high winds,Daylight,Assam,Jorhat
7779.0,2018-11-07,05:10,26.76192494,94.2103186,Minor injury,2.0,1.0,Roundabout,Fine no high winds,Darkness - lights lit,Assam,Jorhat
7780.0,2018-11-05,14:10,26.75902831,94.19877356,Minor injury,2.0,1.0,Single carriageway,Fine no high winds,Daylight,Assam,Jorhat
7781.0,2018-11-03,03:15,26.72793226,94.20198605,Minor injury,2.0,3.0,One way street,Raining no high winds,Darkness - lights lit,Assam,Jorhat
7782.0,2018-11-15,14:55,26.74024406,94.19314398,Minor injury,2.0,2.0,Single carriageway,Fine no high winds,Daylight,Assam,Jorhat
7783.0,2018-11-14,17:30,26.72305889,94.21602536,Minor injury,1.0,1.0,Single carriageway,Fine no high winds,Darkness - lights lit,Assam,Jorhat
7784.0,2018-11-16,08:23,26.7599142,94.18537403,Minor injury,2.0,1.0,Single carriageway,Fine no high winds,Daylight,Assam,Jorhat
7785.0,2018-11-18,23:27,26.72510709,94.19350642,Minor injury,2.0,1.0,Single carriageway,Fine no high winds,Darkness - lights lit,Assam,Jorhat
7786.0,2018-10-30,22:25,26.75658429,94.19365788,Minor injury,2.0,1.0,Single carriageway,Raining no high winds,Darkness - lights lit,Assam,Jorhat
7787.0,2018-11-16,16:50,26.76213907,94.20471908,Minor injury,4.0,2.0,Roundabout,Fine no high winds,Darkness - lights lit,Assam,Jorhat
7788.0,2018-11-15,18:30,26.7628816,94.22998317,Minor injury,2.0,1.0,Single carriageway,Fine no high winds,Darkness - lights lit,Assam,Jorhat
7789.0,2018-11-16,14:42,26.7308485,94.18635468,Minor injury,2.0,4.0,Single carriageway,Fine no high winds,Daylight,Assam,Jorhat
7790.0,2018-11-20,19:01,26.75012049,94.22536702,Minor injury,2.0,1.0,Roundabout,Fine no high winds,Darkness - lights lit,Assam,Jorhat
7791.0,2018-11-18,18:11,26.74960901,94.1676718,Minor injury,1.0,1.0,Single carriageway,Other,Darkness - lights lit,Assam,Jorhat
7792.0,2018-08-25,08:13,26.74974968,94.19083485,Minor injury,2.0,2.0,Single carriageway,Fine no high winds,Daylight,Assam,Jorhat
7793.0,2018-11-15,18:30,26.74745668,94.19531511,Minor injury,3.0,2.0,Single carriageway,Fine no high winds,Darkness - lights lit,Assam,Jorhat
7794.0,2018-11-08,13:49,26.7366895,94.18121617,Minor injury,2.0,1.0,Dual carriageway,Fine no high winds,Daylight,Assam,Jorhat
7795.0,2018-11-14,10:07,26.71965002,94.20120131,Serious injury,2.0,2.0,Single carriageway,Fine no high winds,Daylight,Assam,Jorhat
7796.0,2018-11-18,21:10,26.72170037,94.20957168,Minor injury,1.0,1.0,Single carriageway,Fine no high winds,Darkness - lights lit,Assam,Jorhat
7797.0,2018-11-12,23:05,26.72655529,94.17515227,Minor injury,1.0,1.0,Dual carriageway,Fine no high winds,Darkness - lights lit,Assam,Jorhat
7798.0,2018-11-16,06:40,26.75022077,94.20303495,Minor injury,2.0,1.0,Single carriageway,Raining no high winds,Daylight,Assam,Jorhat
7799.0,2018-11-23,20:56,26.74905197,94.20539464,Minor injury,3.0,1.0,Dual carriageway,Fine no high winds,Darkness - lights lit,Assam,Jorhat
